POSE 1133 1488464955.301472437 0.000629500
POSE 1134 1488464955.311479694 0.000439552
POSE 1135 1488464955.321499373 0.002491134
POSE 1137 1488464955.341738863 0.000464313
POSE 1139 1488464955.361576858 0.000272990
POSE 1140 1488464955.371578393 0.000285235
POSE 1141 1488464955.381556020 0.000522152
POSE 1142 1488464955.391592095 0.000241270
POSE 1144 1488464955.411566950 0.000290563
POSE 1145 1488464955.421504567 0.000577906
POSE 1146 1488464955.431530840 0.002536229
POSE 1147 1488464955.441550217 0.000320091
POSE 1148 1488464955.451477354 0.000381585
POSE 1149 1488464955.461455364 0.000733088
POSE 1150 1488464955.471494998 0.002479163
POSE 1151 1488464955.481487753 0.000406028
POSE 1152 1488464955.491488612 0.000365788
POSE 1153 1488464955.501451229 0.000738128
POSE 1154 1488464955.511447321 0.000447582
POSE 1155 1488464955.521469382 0.003568335
POSE 1156 1488464955.531449508 0.000409953
POSE 1157 1488464955.541443970 0.000738173
POSE 1158 1488464955.551438091 0.000455792
POSE 1159 1488464955.561438752 0.003997451
POSE 1160 1488464955.571483344 0.000381550
POSE 1161 1488464955.581523343 0.000613467
POSE 1162 1488464955.591499518 0.005764157
POSE 1163 1488464955.601471125 0.000465709
POSE 1164 1488464955.611470040 0.000436868
POSE 1165 1488464955.621470937 0.005725769
POSE 1166 1488464955.631485865 0.000454740
POSE 1168 1488464955.651485428 0.000430397
POSE 1169 1488464955.661484678 0.000870850
POSE 1170 1488464955.671505231 0.005157588
POSE 1172 1488464955.691523063 0.000355584
POSE 1173 1488464955.701474257 0.000714973
POSE 1174 1488464955.711469540 0.010411773
POSE 1175 1488464955.721503446 0.010332594
POSE 1177 1488464955.741518568 0.000666250
POSE 1178 1488464955.751818952 0.010000745
POSE 1179 1488464955.761763219 0.010099134
POSE 1180 1488464955.771772196 0.010355657
POSE 1181 1488464955.781922172 0.009947551
POSE 1182 1488464955.791908716 0.010061718
POSE 1183 1488464955.801847939 0.010067633
POSE 1185 1488464955.821823528 0.000453984
POSE 1186 1488464955.831723470 0.010142798
POSE 1187 1488464955.841727917 0.010153146
POSE 1188 1488464955.851767012 0.010326436
POSE 1189 1488464955.861941027 0.009913899
POSE 1190 1488464955.871740073 0.010092899
POSE 1191 1488464955.881742757 0.010119176
POSE 1193 1488464955.901478484 0.000605320
POSE 1194 1488464955.911537425 0.000321917
POSE 1195 1488464955.921747572 0.010112515
POSE 1197 1488464955.941818612 0.000378483
POSE 1198 1488464955.951766863 0.010087373
POSE 1199 1488464955.961944145 0.009923261
POSE 1201 1488464955.981720467 0.000606375
POSE 1202 1488464955.991747526 0.010130628
POSE 1203 1488464956.001836406 0.010057807
POSE 1205 1488464956.021770066 0.000557320
POSE 1206 1488464956.031679127 0.010175508
POSE 1207 1488464956.041637147 0.010209608
POSE 1209 1488464956.061670213 0.000633672
POSE 1210 1488464956.071701621 0.010223027
POSE 1211 1488464956.081700171 0.010190045
POSE 1213 1488464956.101600433 0.000604681
POSE 1214 1488464956.111596347 0.000321587
POSE 1216 1488464956.131576751 0.003134674
POSE 1217 1488464956.141544474 0.000778027
POSE 1218 1488464956.151508368 0.000351605
POSE 1219 1488464956.161490429 0.002929281
POSE 1221 1488464956.181558424 0.000646240
POSE 1222 1488464956.191485702 0.000388754
POSE 1223 1488464956.201471739 0.003784470
POSE 1225 1488464956.221497847 0.000825166
POSE 1226 1488464956.231469399 0.000449143
POSE 1227 1488464956.241521756 0.006274705
POSE 1228 1488464956.251506683 0.000451402
POSE 1229 1488464956.261870124 0.005690100
POSE 1230 1488464956.271442339 0.000436996
POSE 1231 1488464956.281470137 0.000455028
POSE 1233 1488464956.301726520 0.000778695
POSE 1235 1488464956.321674302 0.004901405
POSE 1237 1488464956.341879430 0.000615758
POSE 1238 1488464956.351765576 0.010108125
POSE 1239 1488464956.361706087 0.010177625
POSE 1241 1488464956.381513077 0.000674307
POSE 1242 1488464956.391505941 0.000359130
POSE 1243 1488464956.401475560 0.003361342
POSE 1245 1488464956.421756296 0.000455497
POSE 1246 1488464956.431614001 0.000324233
POSE 1248 1488464956.451526656 0.000336585
POSE 1249 1488464956.461470129 0.000681747
POSE 1250 1488464956.471860557 0.010003220
POSE 1251 1488464956.481845707 0.010017967
POSE 1253 1488464956.501503206 0.000656052
POSE 1254 1488464956.511628999 0.010231966
POSE 1255 1488464956.521630539 0.010234906
POSE 1257 1488464956.541606150 0.000510811
POSE 1259 1488464956.561450138 0.000442543
POSE 1260 1488464956.571505446 0.004003648
POSE 1261 1488464956.581480317 0.000718588
POSE 1262 1488464956.591516670 0.000378066
POSE 1263 1488464956.601481319 0.000357770
POSE 1264 1488464956.611509994 0.000403724
POSE 1265 1488464956.621494794 0.003310482
POSE 1266 1488464956.631518584 0.000396904
POSE 1268 1488464956.651469991 0.000389588
POSE 1269 1488464956.661473935 0.002917683
POSE 1270 1488464956.671509305 0.000391213
POSE 1271 1488464956.681473155 0.000386562
POSE 1272 1488464956.691471071 0.002573937
POSE 1273 1488464956.701644552 0.000515800
POSE 1274 1488464956.711539521 0.000348123
POSE 1275 1488464956.721520993 0.000362043
POSE 1276 1488464956.731469711 0.002643677
POSE 1277 1488464956.741520254 0.000624969
POSE 1279 1488464956.761478684 0.000376360
POSE 1280 1488464956.771527399 0.002472638
POSE 1281 1488464956.781500640 0.000579678
POSE 1282 1488464956.791507265 0.000368605
POSE 1283 1488464956.801530875 0.005326737
POSE 1285 1488464956.821526317 0.000616535
POSE 1286 1488464956.831507445 0.002432133
POSE 1287 1488464956.841471289 0.010411273
POSE 1289 1488464956.861495337 0.000618219
POSE 1291 1488464956.881474042 0.000374958
POSE 1293 1488464956.901492360 0.000747481
POSE 1295 1488464956.921511719 0.000351834
POSE 1296 1488464956.931498165 0.000367734
POSE 1297 1488464956.941481981 0.000750320
POSE 1298 1488464956.951504069 0.003551431
POSE 1300 1488464956.971485482 0.000380016
POSE 1301 1488464956.981656863 0.000591121
POSE 1302 1488464956.991476759 0.003623883
POSE 1303 1488464957.001497303 0.000392692
POSE 1304 1488464957.011499005 0.000366298
POSE 1305 1488464957.021714994 0.000484043
POSE 1306 1488464957.031711116 0.010147982
POSE 1307 1488464957.041706676 0.010155135
POSE 1309 1488464957.061481300 0.000727969
POSE 1310 1488464957.071452150 0.002571903
POSE 1311 1488464957.081445276 0.000413041
POSE 1312 1488464957.091461966 0.000396601
POSE 1313 1488464957.101440680 0.002950385
POSE 1314 1488464957.111521688 0.000334183
POSE 1315 1488464957.121622059 0.010244580
POSE 1317 1488464957.141625707 0.000816269
POSE 1319 1488464957.161568761 0.000267557
POSE 1321 1488464957.181633737 0.000513146
POSE 1322 1488464957.191619785 0.010240335
POSE 1323 1488464957.201560380 0.010300583
POSE 1325 1488464957.221467149 0.000699595
POSE 1326 1488464957.231569105 0.000328663
POSE 1328 1488464957.251572928 0.000323074
POSE 1329 1488464957.261643092 0.000875913
POSE 1330 1488464957.271513049 0.000375452
POSE 1331 1488464957.281511995 0.000368262
POSE 1332 1488464957.291479429 0.000405609
POSE 1333 1488464957.301529617 0.002607817
POSE 1334 1488464957.311669402 0.010217614
POSE 1336 1488464957.331559156 0.000376698
POSE 1337 1488464957.341563495 0.005167530
POSE 1338 1488464957.351618359 0.010240705
POSE 1340 1488464957.371607073 0.000256326
POSE 1341 1488464957.381476675 0.000638200
POSE 1342 1488464957.391485767 0.000370309
POSE 1343 1488464957.401474818 0.000379996
POSE 1345 1488464957.421492484 0.000646912
POSE 1346 1488464957.431495467 0.000362744
POSE 1347 1488464957.441535330 0.000363243
POSE 1348 1488464957.451467962 0.004428541
POSE 1349 1488464957.461505578 0.000747018
POSE 1350 1488464957.471477106 0.000379862
POSE 1351 1488464957.481581480 0.010282619
POSE 1353 1488464957.501560593 0.000603092
POSE 1354 1488464957.511596887 0.010262964
POSE 1356 1488464957.531554892 0.000305647
POSE 1357 1488464957.541581757 0.000544229
POSE 1358 1488464957.551624258 0.010217080
POSE 1360 1488464957.571557807 0.000301661
POSE 1361 1488464957.581536017 0.000732039
POSE 1362 1488464957.591523870 0.000342991
POSE 1364 1488464957.611558941 0.000306746
POSE 1365 1488464957.621623978 0.000851663
POSE 1366 1488464957.631574625 0.000340694
POSE 1367 1488464957.641567821 0.003916432
POSE 1368 1488464957.651554458 0.000357747
POSE 1369 1488464957.661549469 0.000853928
POSE 1371 1488464957.681515715 0.000381705
POSE 1372 1488464957.691581043 0.000322590
POSE 1373 1488464957.701457236 0.000823520
POSE 1374 1488464957.711492380 0.000370286
POSE 1375 1488464957.721499969 0.002724078
POSE 1377 1488464957.741495966 0.000773042
POSE 1378 1488464957.751465981 0.002532531
POSE 1379 1488464957.761504868 0.000385331
POSE 1380 1488464957.771405996 0.000488691
POSE 1381 1488464957.781435341 0.000706671
POSE 1382 1488464957.791459172 0.002714984
POSE 1383 1488464957.801447147 0.000411609
POSE 1384 1488464957.811505421 0.000372931
POSE 1385 1488464957.821454067 0.002854376
POSE 1386 1488464957.831455565 0.000419657
POSE 1387 1488464957.841468084 0.000388207
POSE 1388 1488464957.851443976 0.000430801
POSE 1389 1488464957.861959499 0.009914506
POSE 1390 1488464957.871952933 0.009929029
POSE 1391 1488464957.881840523 0.010059191
POSE 1392 1488464957.891907895 0.010339986
POSE 1393 1488464957.901868998 0.010038907
POSE 1394 1488464957.911916795 0.009998060
POSE 1395 1488464957.921982558 0.009874612
POSE 1397 1488464957.941820112 0.000345644
POSE 1398 1488464957.951985715 0.009871438
POSE 1399 1488464957.962097926 0.009794450
POSE 1400 1488464957.971968810 0.010273693
POSE 1401 1488464957.981977997 0.009876470
POSE 1402 1488464957.991505454 0.010369760
POSE 1404 1488464958.011497619 0.000336611
POSE 1405 1488464958.021782936 0.010106224
POSE 1406 1488464958.031667719 0.010215887
POSE 1407 1488464958.041629746 0.010225765
POSE 1409 1488464958.061508626 0.000646877
POSE 1410 1488464958.071511530 0.000349810
POSE 1411 1488464958.081512995 0.002447313
POSE 1412 1488464958.091505920 0.000340623
POSE 1413 1488464958.101507997 0.000687505
POSE 1415 1488464958.121508465 0.000359987
POSE 1417 1488464958.141492724 0.000691155
POSE 1418 1488464958.151458504 0.002525906
POSE 1420 1488464958.171489802 0.000386838
POSE 1421 1488464958.181471291 0.000617043
POSE 1422 1488464958.191492468 0.002718287
POSE 1423 1488464958.201457017 0.000422098
POSE 1425 1488464958.221511643 0.000701262
POSE 1426 1488464958.231499733 0.002562566
POSE 1428 1488464958.251516087 0.000365841
POSE 1429 1488464958.261500602 0.000761231
POSE 1430 1488464958.271503670 0.002556737
POSE 1431 1488464958.281537023 0.000348149
POSE 1433 1488464958.301478553 0.000950297
POSE 1434 1488464958.311601186 0.010261996
POSE 1435 1488464958.321699356 0.010187335
POSE 1437 1488464958.341804545 0.000730748
POSE 1438 1488464958.352057373 0.009837086
POSE 1439 1488464958.362055641 0.009817805
POSE 1440 1488464958.371997989 0.010425835
POSE 1441 1488464958.382030711 0.009837173
POSE 1442 1488464958.391975423 0.009915619
POSE 1443 1488464958.401981588 0.009885124
POSE 1445 1488464958.421850689 0.000330230
POSE 1446 1488464958.431474450 0.000428234
POSE 1447 1488464958.441484443 0.000383909
POSE 1449 1488464958.461506220 0.000633269
POSE 1450 1488464958.471500933 0.000378661
POSE 1451 1488464958.481477233 0.000459399
POSE 1452 1488464958.491636461 0.000351720
POSE 1453 1488464958.501684412 0.002677562
POSE 1454 1488464958.511667284 0.010191505
POSE 1455 1488464958.521603907 0.010301173
POSE 1457 1488464958.541595245 0.000661872
POSE 1458 1488464958.551501551 0.000359811
POSE 1459 1488464958.561468916 0.000397510
POSE 1461 1488464958.581511115 0.000632825
POSE 1463 1488464958.601502560 0.000382194
POSE 1465 1488464958.621550906 0.000650689
POSE 1466 1488464958.631496971 0.000362524
POSE 1468 1488464958.651536558 0.000348647
POSE 1469 1488464958.661500155 0.000661896
POSE 1470 1488464958.671566820 0.010312926
POSE 1472 1488464958.691517416 0.000339254
POSE 1473 1488464958.701540533 0.000619882
POSE 1474 1488464958.711535335 0.010320165
POSE 1476 1488464958.731547407 0.000306640
POSE 1477 1488464958.741560184 0.000550047
POSE 1478 1488464958.751886262 0.009973391
POSE 1479 1488464958.762114954 0.009767397
POSE 1480 1488464958.772151522 0.010060273
POSE 1481 1488464958.781991589 0.009870832
POSE 1482 1488464958.791892453 0.009969419
POSE 1483 1488464958.801993946 0.009866187
POSE 1484 1488464958.811835970 0.010281397
POSE 1485 1488464958.821843817 0.010017096
POSE 1486 1488464958.831910427 0.009953529
POSE 1487 1488464958.841853402 0.010007136
POSE 1488 1488464958.851892425 0.010243547
POSE 1489 1488464958.861828670 0.010072861
POSE 1490 1488464958.871957102 0.009902785
POSE 1491 1488464958.881820328 0.010040356
POSE 1492 1488464958.891756806 0.010393259
POSE 1493 1488464958.901961337 0.009895121
POSE 1494 1488464958.911845631 0.010019341
POSE 1496 1488464958.931499012 0.000405607
POSE 1497 1488464958.941455464 0.000774977
POSE 1498 1488464958.951493019 0.003526685
POSE 1499 1488464958.961511595 0.000348228
POSE 1501 1488464958.981503745 0.000670458
POSE 1502 1488464958.991521878 0.000333912
POSE 1503 1488464959.001526392 0.000332110
POSE 1505 1488464959.021996017 0.000383848
POSE 1506 1488464959.031526522 0.000350952
POSE 1508 1488464959.051530361 0.000330570
POSE 1509 1488464959.061483157 0.000661447
POSE 1510 1488464959.071518480 0.002978404
POSE 1511 1488464959.081552781 0.000307909
POSE 1513 1488464959.101533052 0.000584400
POSE 1515 1488464959.121500458 0.000378520
POSE 1517 1488464959.141545196 0.000564498
POSE 1518 1488464959.151540658 0.002445275
POSE 1519 1488464959.161542683 0.000343090
POSE 1520 1488464959.171516721 0.000342376
POSE 1521 1488464959.181718745 0.000512144
POSE 1522 1488464959.191480587 0.000405704
POSE 1524 1488464959.211483185 0.000402030
POSE 1525 1488464959.221506040 0.000669445
POSE 1526 1488464959.231487202 0.003178965
POSE 1527 1488464959.241501117 0.000391313
POSE 1528 1488464959.251518990 0.000377636
POSE 1529 1488464959.261505201 0.003368528
POSE 1530 1488464959.272043105 0.009839657
POSE 1531 1488464959.282011514 0.009878298
POSE 1533 1488464959.301514075 0.000895952
POSE 1534 1488464959.311512998 0.010357501
POSE 1536 1488464959.331502101 0.000385449
POSE 1537 1488464959.341484976 0.000904478
POSE 1538 1488464959.351513361 0.010397481
POSE 1539 1488464959.361529417 0.010342578
POSE 1541 1488464959.381530915 0.000906238
POSE 1543 1488464959.401470165 0.000421284
POSE 1544 1488464959.411502694 0.004217595
POSE 1545 1488464959.421517482 0.000715774
POSE 1547 1488464959.441479378 0.000389846
POSE 1548 1488464959.451474500 0.000414340
POSE 1549 1488464959.461505768 0.000657330
POSE 1551 1488464959.481496563 0.000361526
POSE 1553 1488464959.501710832 0.000531907
POSE 1554 1488464959.511568044 0.000290631
POSE 1555 1488464959.521548417 0.010325702
POSE 1557 1488464959.541491639 0.000644901
POSE 1558 1488464959.551488833 0.010365905
POSE 1560 1488464959.571513113 0.000342595
POSE 1561 1488464959.581498611 0.000670933
POSE 1562 1488464959.591504784 0.000360294
POSE 1563 1488464959.601475319 0.003188861
POSE 1564 1488464959.611504999 0.000350646
POSE 1565 1488464959.621475749 0.000683116
POSE 1566 1488464959.631471984 0.000435661
POSE 1567 1488464959.641461410 0.003694613
POSE 1568 1488464959.651491810 0.000370065
POSE 1569 1488464959.661504224 0.000659714
POSE 1570 1488464959.671500340 0.002982742
POSE 1571 1488464959.681526428 0.000333424
POSE 1572 1488464959.691527850 0.000377813
POSE 1573 1488464959.701464774 0.004515931
POSE 1574 1488464959.711517146 0.000343715
POSE 1575 1488464959.721518517 0.000375184
POSE 1576 1488464959.731578549 0.000279527
POSE 1578 1488464959.751508976 0.000371567
POSE 1580 1488464959.771500663 0.000357611
POSE 1581 1488464959.781507507 0.000616289
POSE 1582 1488464959.791500076 0.002600997
POSE 1583 1488464959.801486778 0.000374587
POSE 1584 1488464959.811491675 0.000328670
POSE 1585 1488464959.821530215 0.002844440
POSE 1586 1488464959.831575143 0.000279056
POSE 1587 1488464959.841495146 0.000382485
POSE 1589 1488464959.861450627 0.005515603
POSE 1591 1488464959.881494227 0.000372225
POSE 1592 1488464959.891511439 0.000359856
POSE 1593 1488464959.901575952 0.000629857
POSE 1594 1488464959.911885422 0.009991020
POSE 1596 1488464959.931476287 0.000377664
POSE 1597 1488464959.941522681 0.000636330
POSE 1598 1488464959.951522272 0.000332345
POSE 1599 1488464959.961496752 0.000358390
POSE 1600 1488464959.971494304 0.000380589
POSE 1601 1488464959.981506321 0.000666390
POSE 1602 1488464959.991494494 0.000360168
POSE 1603 1488464960.001504293 0.000393257
POSE 1604 1488464960.011479134 0.010886864
POSE 1605 1488464960.021666558 0.010238361
POSE 1607 1488464960.041491543 0.000362439
POSE 1608 1488464960.051474180 0.002457861
POSE 1609 1488464960.061509495 0.000543161
POSE 1610 1488464960.071946530 0.009909771
POSE 1611 1488464960.081850609 0.010013125
POSE 1613 1488464960.101461514 0.000758090
POSE 1614 1488464960.111461295 0.000425103
POSE 1615 1488464960.121474368 0.000366613
POSE 1616 1488464960.131432059 0.000453236
POSE 1617 1488464960.141503461 0.004192429
POSE 1618 1488464960.151487915 0.000371502
POSE 1619 1488464960.161490813 0.000364723
POSE 1620 1488464960.171485152 0.003525540
POSE 1621 1488464960.181505657 0.000677692
POSE 1622 1488464960.191501890 0.000357294
POSE 1623 1488464960.201456920 0.003272552
POSE 1625 1488464960.221458948 0.000708622
POSE 1626 1488464960.231945838 0.009930010
POSE 1627 1488464960.241867880 0.010019111
POSE 1628 1488464960.251746264 0.010455226
POSE 1629 1488464960.261784794 0.010074795
POSE 1630 1488464960.271738514 0.010119991
POSE 1631 1488464960.281749879 0.010103657
POSE 1633 1488464960.301593531 0.000533220
POSE 1634 1488464960.311553120 0.010259650
POSE 1635 1488464960.321888785 0.009971427
POSE 1636 1488464960.331947745 0.010151905
POSE 1637 1488464960.341839353 0.010014613
POSE 1638 1488464960.351778493 0.010103767
POSE 1640 1488464960.371468773 0.000404379
POSE 1641 1488464960.381446654 0.000640930
POSE 1642 1488464960.391521596 0.000332618
POSE 1643 1488464960.401475170 0.000410798
POSE 1644 1488464960.411508130 0.000347916
POSE 1645 1488464960.421522654 0.004631703
POSE 1646 1488464960.431482132 0.000440263
POSE 1647 1488464960.441520545 0.003970786
POSE 1648 1488464960.451497165 0.000394156
POSE 1649 1488464960.461509385 0.000703948
POSE 1650 1488464960.471519819 0.003611724
POSE 1651 1488464960.481716745 0.010161695
POSE 1653 1488464960.501535794 0.000706827
POSE 1654 1488464960.511540047 0.000340847
POSE 1655 1488464960.521504154 0.000398208
POSE 1657 1488464960.541502855 0.000733853
POSE 1658 1488464960.551499028 0.000400738
POSE 1659 1488464960.561480801 0.003927957
POSE 1660 1488464960.571508231 0.000359335
POSE 1661 1488464960.581484841 0.000746084
POSE 1662 1488464960.591493997 0.002968753
POSE 1663 1488464960.601474764 0.000384593
POSE 1664 1488464960.611478431 0.000418238
POSE 1665 1488464960.621500053 0.003061655
POSE 1666 1488464960.631484640 0.000373751
POSE 1667 1488464960.641522888 0.000365948
POSE 1668 1488464960.651497111 0.000388160
POSE 1669 1488464960.661527665 0.002817272
POSE 1670 1488464960.671470929 0.000415528
POSE 1672 1488464960.691536619 0.000350289
POSE 1673 1488464960.701498136 0.000614400
POSE 1674 1488464960.711480277 0.003016427
POSE 1675 1488464960.721529955 0.000349660
POSE 1677 1488464960.741517993 0.000812015
POSE 1678 1488464960.751515714 0.010350353
POSE 1680 1488464960.771495381 0.000388515
POSE 1681 1488464960.781501897 0.000643543
POSE 1682 1488464960.791502178 0.000351726
POSE 1683 1488464960.801744089 0.010126923
POSE 1685 1488464960.821664946 0.000450271
POSE 1686 1488464960.831692330 0.010166668
POSE 1687 1488464960.841703348 0.010158899
POSE 1689 1488464960.861696633 0.000446031
POSE 1690 1488464960.871701802 0.010162369
POSE 1692 1488464960.891508038 0.000380447
POSE 1693 1488464960.901472173 0.000653492
POSE 1695 1488464960.921585924 0.000237438
POSE 1696 1488464960.931520005 0.000354115
POSE 1697 1488464960.941532648 0.000553666
POSE 1698 1488464960.951535701 0.000317150
POSE 1699 1488464960.961520283 0.000294040
POSE 1700 1488464960.971481544 0.002368548
POSE 1701 1488464960.981501009 0.000584386
POSE 1702 1488464960.991498790 0.000357535
POSE 1703 1488464961.001502372 0.002392766
POSE 1704 1488464961.011498717 0.000375471
POSE 1705 1488464961.021501055 0.000574946
POSE 1706 1488464961.031469196 0.004394123
POSE 1707 1488464961.041490733 0.000367694
POSE 1708 1488464961.051491558 0.000372007
POSE 1709 1488464961.061497081 0.000578928
POSE 1710 1488464961.071497041 0.002547455
POSE 1711 1488464961.081468815 0.000414456
POSE 1712 1488464961.091504996 0.000373674
POSE 1713 1488464961.101487120 0.000617373
POSE 1714 1488464961.111556805 0.000303921
POSE 1715 1488464961.121528512 0.002456863
POSE 1717 1488464961.141482018 0.000721850
POSE 1718 1488464961.151522730 0.002536457
POSE 1719 1488464961.161446232 0.000388320
POSE 1721 1488464961.181542934 0.000581424
POSE 1722 1488464961.191501326 0.002581991
POSE 1723 1488464961.201557955 0.000338180
POSE 1724 1488464961.211509565 0.000390781
POSE 1725 1488464961.221547746 0.000611918
POSE 1727 1488464961.241516178 0.000380646
POSE 1728 1488464961.251491091 0.000414122
POSE 1729 1488464961.261552023 0.000585221
POSE 1730 1488464961.271527936 0.002442155
POSE 1731 1488464961.281480666 0.000420733
POSE 1732 1488464961.291505726 0.000361994
