POSE 9283 1488464399.768452503 0.006842512
POSE 9284 1488464399.778373183 0.006222261
POSE 9285 1488464399.788418112 0.006216927
POSE 9286 1488464399.798367123 0.006247082
POSE 9287 1488464399.808428900 0.006789291
POSE 9288 1488464399.818385973 0.006203348
POSE 9289 1488464399.828440283 0.006191322
POSE 9290 1488464399.838380833 0.006225207
POSE 9291 1488464399.848443652 0.006595346
POSE 9292 1488464399.858384543 0.006206024
POSE 9293 1488464399.868417764 0.006211875
POSE 9294 1488464399.878577389 0.006102647
POSE 9295 1488464399.888556702 0.006904959
POSE 9296 1488464399.898426553 0.006184380
POSE 9297 1488464399.908399131 0.006235793
POSE 9298 1488464399.918198143 0.006429570
POSE 9299 1488464399.928413355 0.007418819
POSE 9300 1488464399.938338466 0.006293863
POSE 9301 1488464399.948394049 0.006281708
POSE 9302 1488464399.958369920 0.006230019
POSE 9303 1488464399.968229509 0.007461048
POSE 9304 1488464399.978233931 0.006382389
POSE 9305 1488464399.988503062 0.006087343
POSE 9306 1488464399.998558790 0.006055362
POSE 9307 1488464400.008508264 0.006585211
POSE 9308 1488464400.018428561 0.006181290
POSE 9309 1488464400.028396414 0.006219799
POSE 9310 1488464400.038430719 0.006183510
POSE 9311 1488464400.048420806 0.008701501
POSE 9312 1488464400.058355583 0.006283628
POSE 9313 1488464400.068359291 0.006228000
POSE 9314 1488464400.078313442 0.006315402
POSE 9315 1488464400.088356977 0.006787943
POSE 9316 1488464400.098364942 0.006246982
POSE 9317 1488464400.108701467 0.005930280
POSE 9318 1488464400.118600808 0.006021846
POSE 9319 1488464400.128548342 0.006956416
POSE 9320 1488464400.138662370 0.005968682
POSE 9321 1488464400.148704847 0.005905871
POSE 9322 1488464400.158535914 0.006151670
POSE 9323 1488464400.168298121 0.007874791
POSE 9324 1488464400.178233753 0.008662359
POSE 9325 1488464400.188177964 0.006481139
POSE 9326 1488464400.198224792 0.006401087
POSE 9327 1488464400.208679853 0.006646165
POSE 9328 1488464400.218217211 0.006397329
POSE 9329 1488464400.228280815 0.006361497
POSE 9330 1488464400.238261702 0.006354160
POSE 9331 1488464400.248266034 0.007113455
POSE 9332 1488464400.258223200 0.006368621
POSE 9333 1488464400.268407948 0.006176776
POSE 9334 1488464400.278215361 0.006419961
POSE 9335 1488464400.288171648 0.007289125
POSE 9336 1488464400.298173506 0.006453581
POSE 9337 1488464400.308203105 0.006398063
POSE 9338 1488464400.318192310 0.006420138
POSE 9339 1488464400.328218400 0.006861253
POSE 9340 1488464400.338309913 0.006330728
POSE 9341 1488464400.348326664 0.006288697
POSE 9342 1488464400.358623177 0.005967015
POSE 9343 1488464400.368682177 0.008066421
POSE 9344 1488464400.378551975 0.006076599
POSE 9345 1488464400.388487138 0.006189300
POSE 9346 1488464400.398438411 0.006231865
POSE 9347 1488464400.408456260 0.006634162
POSE 9348 1488464400.418433339 0.006200885
POSE 9349 1488464400.428385579 0.006264636
POSE 9350 1488464400.438432056 0.006201538
POSE 9351 1488464400.448451193 0.006924746
POSE 9352 1488464400.458402424 0.006216029
POSE 9353 1488464400.468571708 0.006049060
POSE 9354 1488464400.478512600 0.006124167
POSE 9355 1488464400.488518354 0.006749521
POSE 9356 1488464400.498461914 0.006138983
POSE 9357 1488464400.508566714 0.006070746
POSE 9358 1488464400.518451820 0.006171827
POSE 9359 1488464400.528208271 0.007020862
POSE 9360 1488464400.538203599 0.006467477
POSE 9361 1488464400.548239503 0.006348597
POSE 9362 1488464400.558183214 0.006452702
POSE 9363 1488464400.568236185 0.006807115
POSE 9364 1488464400.578169492 0.006510008
POSE 9365 1488464400.588232674 0.006407624
POSE 9366 1488464400.598299648 0.006323372
POSE 9367 1488464400.608553262 0.006535163
POSE 9368 1488464400.618518612 0.006098195
POSE 9369 1488464400.628628124 0.005992711
POSE 9370 1488464400.638600124 0.006040394
POSE 9371 1488464400.648567573 0.006961913
POSE 9372 1488464400.658514628 0.006156693
POSE 9373 1488464400.668521401 0.009839388
POSE 9374 1488464400.678212524 0.006541938
POSE 9375 1488464400.688289387 0.007157442
POSE 9376 1488464400.698217995 0.006451251
POSE 9377 1488464400.708354187 0.006222308
POSE 9378 1488464400.718236574 0.006375724
POSE 9379 1488464400.728260719 0.006797652
POSE 9380 1488464400.738558342 0.006074219
POSE 9381 1488464400.748210593 0.006391370
POSE 9382 1488464400.758207998 0.006420960
POSE 9383 1488464400.768245621 0.009805960
POSE 9384 1488464400.778193596 0.006461647
POSE 9385 1488464400.788251394 0.006340411
POSE 9386 1488464400.798163242 0.006434388
POSE 9387 1488464400.808333304 0.006809771
POSE 9388 1488464400.818248713 0.006365614
POSE 9389 1488464400.828275295 0.006388413
POSE 9390 1488464400.838264612 0.006408537
POSE 9391 1488464400.848420846 0.007104832
POSE 9392 1488464400.858364361 0.006261008
POSE 9393 1488464400.868404914 0.009137405
POSE 9394 1488464400.878331531 0.006304550
POSE 9395 1488464400.888381993 0.007176519
POSE 9396 1488464400.898722956 0.005848108
POSE 9397 1488464400.908211212 0.006435508
POSE 9399 1488464400.928199442 0.001029025
POSE 9400 1488464400.938231831 0.006396068
POSE 9401 1488464400.948287701 0.006354928
POSE 9402 1488464400.958284554 0.006326330
POSE 9403 1488464400.968544269 0.006508530
POSE 9404 1488464400.978516270 0.006129486
POSE 9405 1488464400.988549505 0.006046496
POSE 9406 1488464400.998529427 0.006087283
POSE 9407 1488464401.008520878 0.006566769
POSE 9408 1488464401.018497021 0.008095275
POSE 9409 1488464401.028463316 0.006163294
POSE 9410 1488464401.038454394 0.006155540
POSE 9411 1488464401.048484949 0.006668026
POSE 9412 1488464401.058421869 0.006192303
POSE 9413 1488464401.068472168 0.006184202
POSE 9414 1488464401.078670910 0.006067557
POSE 9415 1488464401.088714050 0.006723011
POSE 9416 1488464401.098749997 0.005878873
POSE 9417 1488464401.108244263 0.006378910
POSE 9418 1488464401.118268591 0.006349890
POSE 9419 1488464401.128257769 0.007037837
POSE 9420 1488464401.138208639 0.006408984
POSE 9421 1488464401.148224240 0.006422493
POSE 9422 1488464401.158238891 0.006394605
POSE 9423 1488464401.168256301 0.008793187
POSE 9424 1488464401.178210595 0.006410736
POSE 9425 1488464401.188277489 0.006335774
POSE 9426 1488464401.198201253 0.006418486
POSE 9427 1488464401.208261069 0.006830861
POSE 9428 1488464401.218202474 0.006449598
POSE 9429 1488464401.228198551 0.006415403
POSE 9430 1488464401.238192573 0.008301497
POSE 9431 1488464401.248241558 0.006837010
POSE 9432 1488464401.258183809 0.006428978
POSE 9433 1488464401.268196428 0.009552647
POSE 9434 1488464401.278202979 0.006434945
POSE 9435 1488464401.288247579 0.006880333
POSE 9436 1488464401.298219301 0.006374253
POSE 9437 1488464401.308285246 0.006314569
POSE 9439 1488464401.328686633 0.000961179
POSE 9440 1488464401.338644347 0.006004463
POSE 9441 1488464401.348514660 0.006089883
POSE 9442 1488464401.358531071 0.006099166
POSE 9443 1488464401.368499430 0.007035202
POSE 9444 1488464401.378563128 0.006049064
POSE 9445 1488464401.388581838 0.006030606
POSE 9446 1488464401.398507950 0.006099281
POSE 9447 1488464401.408532577 0.006463293
POSE 9448 1488464401.418527081 0.006101010
POSE 9449 1488464401.428507215 0.006104117
POSE 9450 1488464401.438206442 0.006404061
POSE 9451 1488464401.448255573 0.006790537
POSE 9452 1488464401.458180162 0.006411143
POSE 9453 1488464401.468255742 0.006352124
POSE 9454 1488464401.478236965 0.006360713
POSE 9455 1488464401.488257118 0.006786486
POSE 9456 1488464401.498351567 0.006277218
POSE 9457 1488464401.508225605 0.009180855
POSE 9458 1488464401.518181357 0.006445710
POSE 9459 1488464401.528240020 0.006907536
POSE 9460 1488464401.538181623 0.006366678
POSE 9461 1488464401.548403626 0.008141262
POSE 9462 1488464401.558787856 0.005806965
POSE 9463 1488464401.568767388 0.006267629
POSE 9464 1488464401.578687195 0.005923356
POSE 9465 1488464401.588723415 0.005922018
POSE 9466 1488464401.598213578 0.006433756
POSE 9467 1488464401.608237941 0.007497059
POSE 9468 1488464401.618672327 0.005939276
POSE 9469 1488464401.628696539 0.005902667
POSE 9470 1488464401.638604663 0.005987496
POSE 9471 1488464401.648595044 0.006775100
POSE 9472 1488464401.658572416 0.006047954
POSE 9473 1488464401.668566988 0.006076981
POSE 9474 1488464401.678488337 0.006116923
POSE 9475 1488464401.688518105 0.006861605
POSE 9476 1488464401.698435314 0.006191665
POSE 9477 1488464401.708578545 0.006051769
POSE 9478 1488464401.718333523 0.006289520
POSE 9479 1488464401.728410406 0.006640956
POSE 9480 1488464401.738320183 0.006288760
POSE 9481 1488464401.748337375 0.006233076
POSE 9482 1488464401.758292001 0.006326737
POSE 9483 1488464401.768313386 0.006922500
POSE 9484 1488464401.778204347 0.006390595
POSE 9485 1488464401.788263469 0.006330576
POSE 9486 1488464401.798234352 0.006442241
POSE 9487 1488464401.808257753 0.007238035
POSE 9488 1488464401.818225575 0.006389386
POSE 9489 1488464401.828326204 0.006270622
POSE 9490 1488464401.838671681 0.005952226
POSE 9491 1488464401.848251115 0.006884139
POSE 9492 1488464401.858202593 0.006413011
POSE 9493 1488464401.868273203 0.006319769
POSE 9494 1488464401.878259241 0.006360522
POSE 9495 1488464401.888377508 0.006707963
POSE 9496 1488464401.898318444 0.006279343
POSE 9497 1488464401.908234190 0.006379587
POSE 9498 1488464401.918183753 0.006427152
POSE 9499 1488464401.928267308 0.006821117
POSE 9500 1488464401.938206199 0.006395051
POSE 9501 1488464401.948248270 0.006363894
POSE 9502 1488464401.958226528 0.006383560
POSE 9503 1488464401.968230903 0.008537690
POSE 9504 1488464401.978221325 0.006390895
POSE 9505 1488464401.988242701 0.006350366
POSE 9506 1488464401.998238227 0.006376348
POSE 9507 1488464402.008300743 0.006911840
POSE 9508 1488464402.018391159 0.008060374
POSE 9509 1488464402.028429855 0.006204526
POSE 9510 1488464402.038398703 0.006216923
POSE 9511 1488464402.048499316 0.006835837
POSE 9512 1488464402.058200964 0.006465948
POSE 9513 1488464402.068267535 0.006341874
POSE 9514 1488464402.078415387 0.006182825
POSE 9515 1488464402.088280762 0.007097080
POSE 9516 1488464402.098788732 0.008873538
POSE 9517 1488464402.108772679 0.005806564
POSE 9518 1488464402.118664521 0.005927956
POSE 9519 1488464402.128703821 0.006342072
POSE 9520 1488464402.138720537 0.005928426
POSE 9522 1488464402.158249930 0.000797493
POSE 9523 1488464402.168245955 0.007012081
POSE 9524 1488464402.178192271 0.006399543
POSE 9525 1488464402.188272000 0.006321862
POSE 9526 1488464402.198198900 0.006410439
POSE 9527 1488464402.208344633 0.006754759
POSE 9528 1488464402.218172232 0.006442180
POSE 9529 1488464402.228483188 0.006129467
POSE 9530 1488464402.238176233 0.006438528
POSE 9531 1488464402.248223999 0.006855646
POSE 9532 1488464402.258155865 0.006465480
POSE 9533 1488464402.268219774 0.006403330
POSE 9534 1488464402.278174235 0.006425391
POSE 9535 1488464402.288201164 0.007242230
POSE 9536 1488464402.298214016 0.006385286
POSE 9537 1488464402.308247488 0.006381664
POSE 9538 1488464402.318410770 0.006187717
POSE 9539 1488464402.328419105 0.006915445
POSE 9540 1488464402.338351671 0.006243634
POSE 9541 1488464402.348361086 0.006265259
POSE 9542 1488464402.358286913 0.006311292
POSE 9543 1488464402.368440696 0.006609272
POSE 9544 1488464402.378383085 0.006226945
POSE 9545 1488464402.388604509 0.006010366
POSE 9546 1488464402.398402950 0.006236949
POSE 9547 1488464402.408381686 0.006712957
POSE 9548 1488464402.418352234 0.006263473
POSE 9549 1488464402.428344792 0.006267628
POSE 9550 1488464402.438285198 0.006326272
POSE 9551 1488464402.448333678 0.007271355
POSE 9552 1488464402.458301489 0.006313175
POSE 9553 1488464402.468308151 0.006251542
POSE 9554 1488464402.478542044 0.006032515
POSE 9555 1488464402.488552256 0.006567735
POSE 9556 1488464402.498289527 0.006303938
POSE 9557 1488464402.508318150 0.006274573
POSE 9558 1488464402.518357054 0.006272030
POSE 9559 1488464402.528444992 0.006703669
POSE 9560 1488464402.538292019 0.006300850
POSE 9561 1488464402.548321680 0.006291974
POSE 9562 1488464402.558308145 0.006305401
POSE 9563 1488464402.568395795 0.006760654
POSE 9564 1488464402.578426922 0.006208403
POSE 9565 1488464402.588455409 0.006155485
POSE 9566 1488464402.598638158 0.005925940
POSE 9567 1488464402.608619862 0.006565945
POSE 9568 1488464402.618663220 0.005933572
POSE 9569 1488464402.628565967 0.006054609
POSE 9570 1488464402.638573124 0.006041767
POSE 9571 1488464402.648612508 0.006545439
POSE 9572 1488464402.658512040 0.006083062
POSE 9573 1488464402.668548985 0.006097864
POSE 9574 1488464402.678500941 0.006149758
