POSE 4993 1488464842.440373577 0.008193704
POSE 4994 1488464842.450400840 0.005885111
POSE 4995 1488464842.460398025 0.005819873
POSE 4996 1488464842.470384371 0.006388281
POSE 4997 1488464842.480377803 0.005884070
POSE 4998 1488464842.490378267 0.005866727
POSE 4999 1488464842.500400738 0.005863137
POSE 5000 1488464842.510388521 0.008699831
POSE 5001 1488464842.520384534 0.005948741
POSE 5002 1488464842.530399925 0.005869168
POSE 5003 1488464842.540434469 0.005803944
POSE 5004 1488464842.550604338 0.006231772
POSE 5005 1488464842.560413023 0.005830902
POSE 5006 1488464842.570396105 0.005856519
POSE 5007 1488464842.580423872 0.005837264
POSE 5008 1488464842.590355165 0.006391850
POSE 5009 1488464842.600394193 0.005849340
POSE 5010 1488464842.610360657 0.005920343
POSE 5011 1488464842.620356388 0.005934759
POSE 5012 1488464842.630369162 0.006554912
POSE 5013 1488464842.640376577 0.005887647
POSE 5014 1488464842.650386259 0.005870151
POSE 5015 1488464842.660343210 0.005938659
POSE 5016 1488464842.670366823 0.006733445
POSE 5017 1488464842.680295516 0.005953774
POSE 5018 1488464842.690368883 0.005885767
POSE 5019 1488464842.700340889 0.005908516
POSE 5020 1488464842.710373220 0.009392009
POSE 5021 1488464842.720405382 0.005852059
POSE 5022 1488464842.730448482 0.005800690
POSE 5023 1488464842.740520087 0.005737857
POSE 5024 1488464842.750429995 0.008889876
POSE 5025 1488464842.760397649 0.005870799
POSE 5026 1488464842.770387200 0.005863618
POSE 5027 1488464842.780407652 0.005837966
POSE 5028 1488464842.790387737 0.006337727
POSE 5029 1488464842.800396337 0.005847620
POSE 5030 1488464842.810365542 0.005875314
POSE 5031 1488464842.820395612 0.005848910
POSE 5032 1488464842.830366244 0.006316614
POSE 5033 1488464842.840365153 0.005870561
POSE 5034 1488464842.850328881 0.008108157
POSE 5035 1488464842.860383251 0.005888460
POSE 5036 1488464842.870349633 0.006375488
POSE 5037 1488464842.880351717 0.005910073
POSE 5038 1488464842.890336257 0.008011045
POSE 5039 1488464842.900363835 0.005879201
POSE 5040 1488464842.910372551 0.006321730
POSE 5041 1488464842.920367827 0.005878078
POSE 5042 1488464842.930354751 0.005888700
POSE 5043 1488464842.940363447 0.008034888
POSE 5044 1488464842.950411025 0.006331995
POSE 5045 1488464842.960389184 0.005879097
POSE 5046 1488464842.970376643 0.005884299
POSE 5047 1488464842.980405661 0.005841490
POSE 5048 1488464842.990386891 0.006290102
POSE 5049 1488464843.000344674 0.005917160
POSE 5050 1488464843.010344568 0.005902340
POSE 5051 1488464843.020346292 0.005923821
POSE 5052 1488464843.030373386 0.006389234
POSE 5053 1488464843.040353267 0.005893057
POSE 5054 1488464843.050377480 0.005895336
POSE 5055 1488464843.060342697 0.005928966
POSE 5056 1488464843.070410313 0.006385702
POSE 5057 1488464843.080407596 0.005838181
POSE 5058 1488464843.090373043 0.007982835
POSE 5059 1488464843.100353449 0.005907572
POSE 5060 1488464843.110374996 0.006493102
POSE 5061 1488464843.120382912 0.005898476
POSE 5062 1488464843.130331034 0.005943762
POSE 5063 1488464843.140813419 0.005495394
POSE 5064 1488464843.150748341 0.006271043
POSE 5065 1488464843.160333065 0.005929852
POSE 5066 1488464843.170314134 0.005952260
POSE 5067 1488464843.180333639 0.005913997
POSE 5068 1488464843.190340637 0.006468067
POSE 5069 1488464843.200309333 0.005933381
POSE 5070 1488464843.210330417 0.005932960
POSE 5071 1488464843.220319890 0.005922788
POSE 5072 1488464843.230881755 0.005925767
POSE 5073 1488464843.240622720 0.005643786
POSE 5074 1488464843.250553182 0.005688304
POSE 5075 1488464843.260568021 0.005692955
POSE 5076 1488464843.270562574 0.006158875
POSE 5077 1488464843.280542220 0.005721849
POSE 5078 1488464843.290509238 0.005777351
POSE 5079 1488464843.300543044 0.005726599
POSE 5080 1488464843.310531997 0.006240307
POSE 5081 1488464843.320565588 0.005696014
POSE 5082 1488464843.330486914 0.005788310
POSE 5083 1488464843.340395388 0.005959120
POSE 5084 1488464843.350444230 0.006825349
POSE 5085 1488464843.360410393 0.005854374
POSE 5086 1488464843.370393172 0.005848272
POSE 5087 1488464843.380374695 0.005896791
POSE 5088 1488464843.390372880 0.006382094
POSE 5089 1488464843.400384079 0.005867408
POSE 5090 1488464843.410356671 0.005912624
POSE 5091 1488464843.420386261 0.005875086
POSE 5092 1488464843.430359019 0.006481549
POSE 5093 1488464843.440351173 0.005918984
POSE 5094 1488464843.450393720 0.005875794
POSE 5095 1488464843.460677452 0.005577692
POSE 5096 1488464843.470517959 0.006226987
POSE 5097 1488464843.480517828 0.007902787
POSE 5098 1488464843.490496367 0.005768586
POSE 5099 1488464843.500513931 0.005737265
POSE 5100 1488464843.510497638 0.006302536
POSE 5101 1488464843.520485234 0.005761628
POSE 5102 1488464843.530559640 0.008606726
POSE 5103 1488464843.540635159 0.005616695
POSE 5104 1488464843.550567125 0.006140244
POSE 5105 1488464843.560560361 0.007607386
POSE 5106 1488464843.570566298 0.005681564
POSE 5107 1488464843.580572484 0.005673656
POSE 5108 1488464843.590537783 0.006136905
POSE 5109 1488464843.600584872 0.005663824
POSE 5110 1488464843.610517747 0.005725439
POSE 5111 1488464843.620535408 0.005728713
POSE 5112 1488464843.630546983 0.006372473
POSE 5113 1488464843.640507568 0.005738483
POSE 5114 1488464843.650553744 0.008537944
POSE 5115 1488464843.660505057 0.005748562
POSE 5116 1488464843.670484418 0.006415297
POSE 5117 1488464843.680445190 0.009221209
POSE 5118 1488464843.690452150 0.005799998
POSE 5119 1488464843.700439153 0.005806142
POSE 5120 1488464843.710432679 0.006503107
POSE 5121 1488464843.720494926 0.005769856
POSE 5122 1488464843.730436694 0.005847822
POSE 5123 1488464843.740460893 0.005791846
POSE 5124 1488464843.750417853 0.006315034
POSE 5125 1488464843.760428570 0.005842156
POSE 5126 1488464843.770449898 0.005797184
POSE 5127 1488464843.780407895 0.005842566
POSE 5128 1488464843.790325396 0.006347050
POSE 5129 1488464843.800588150 0.005672874
POSE 5130 1488464843.810394246 0.008296803
POSE 5131 1488464843.820360508 0.005886803
POSE 5132 1488464843.830355570 0.006352656
POSE 5133 1488464843.840388244 0.005863004
POSE 5134 1488464843.850356792 0.005912332
POSE 5135 1488464843.860391594 0.005885762
POSE 5136 1488464843.870405006 0.006249810
POSE 5137 1488464843.880383303 0.005879062
POSE 5138 1488464843.890392939 0.005869735
POSE 5139 1488464843.900379744 0.005885809
POSE 5140 1488464843.910372148 0.006546372
POSE 5141 1488464843.920361323 0.005906641
POSE 5142 1488464843.930447941 0.005824856
POSE 5143 1488464843.940469010 0.005803045
POSE 5144 1488464843.950428716 0.006485269
POSE 5145 1488464843.960412419 0.005838966
POSE 5146 1488464843.970434611 0.005808026
POSE 5147 1488464843.980446193 0.005795392
POSE 5148 1488464843.990482178 0.006254069
POSE 5149 1488464844.000601554 0.005651392
POSE 5150 1488464844.010465238 0.005783625
POSE 5151 1488464844.020427592 0.008487969
POSE 5152 1488464844.030426769 0.006366433
POSE 5153 1488464844.040322859 0.005995944
POSE 5154 1488464844.050714240 0.005528266
POSE 5155 1488464844.060406713 0.005879158
POSE 5156 1488464844.070400892 0.006293358
POSE 5157 1488464844.080391552 0.005870576
POSE 5158 1488464844.090396218 0.005867450
POSE 5159 1488464844.100304662 0.005940597
POSE 5160 1488464844.110331038 0.006399555
POSE 5161 1488464844.120320130 0.005911644
POSE 5162 1488464844.130370728 0.005853998
POSE 5163 1488464844.140365612 0.005915531
POSE 5164 1488464844.150360562 0.007039094
POSE 5165 1488464844.160384617 0.005847476
POSE 5166 1488464844.170358748 0.005919999
POSE 5167 1488464844.180384403 0.005872783
POSE 5168 1488464844.190356537 0.006364997
POSE 5169 1488464844.200354691 0.005906878
POSE 5170 1488464844.210367560 0.005875949
POSE 5171 1488464844.220366376 0.005875924
POSE 5172 1488464844.230338756 0.006383630
POSE 5173 1488464844.240387357 0.008032368
POSE 5174 1488464844.250372340 0.005868990
POSE 5175 1488464844.260385875 0.005877714
POSE 5176 1488464844.270429698 0.006319220
POSE 5177 1488464844.280326617 0.005954745
POSE 5178 1488464844.290321869 0.005900481
POSE 5179 1488464844.300339918 0.005902390
POSE 5180 1488464844.310330284 0.006327501
POSE 5181 1488464844.320545153 0.005700233
POSE 5182 1488464844.330336525 0.005897303
POSE 5183 1488464844.340345678 0.005925512
POSE 5184 1488464844.350346555 0.006636407
POSE 5185 1488464844.360347847 0.005923971
POSE 5186 1488464844.370531679 0.005717393
POSE 5187 1488464844.380345381 0.005925232
POSE 5188 1488464844.390314087 0.006805769
POSE 5189 1488464844.400325335 0.005922649
POSE 5190 1488464844.410311828 0.009049682
POSE 5191 1488464844.420564353 0.005684005
POSE 5192 1488464844.430549026 0.006236400
POSE 5193 1488464844.440343662 0.005900364
POSE 5194 1488464844.450361600 0.005911508
POSE 5195 1488464844.460348852 0.008134115
POSE 5196 1488464844.470578642 0.006110735
POSE 5197 1488464844.480329334 0.005935320
POSE 5198 1488464844.490314978 0.005951452
POSE 5199 1488464844.500362711 0.005931239
POSE 5200 1488464844.510317229 0.006489938
POSE 5201 1488464844.520561078 0.005731817
POSE 5202 1488464844.530326889 0.005927434
POSE 5203 1488464844.540459577 0.005793576
POSE 5204 1488464844.550438869 0.006784917
POSE 5205 1488464844.560435859 0.005814129
POSE 5206 1488464844.570750253 0.005502112
POSE 5207 1488464844.580698152 0.005557388
POSE 5208 1488464844.590678585 0.006394169
POSE 5209 1488464844.600632022 0.005620400
POSE 5210 1488464844.610634707 0.009438279
POSE 5211 1488464844.620534879 0.005714026
POSE 5212 1488464844.630415905 0.006434848
POSE 5213 1488464844.640421374 0.005823476
POSE 5214 1488464844.650413719 0.005832136
POSE 5215 1488464844.660432930 0.009517629
POSE 5216 1488464844.670620898 0.006104307
POSE 5217 1488464844.680414876 0.005861278
POSE 5218 1488464844.690377568 0.005897966
POSE 5219 1488464844.700572654 0.005684655
POSE 5220 1488464844.710358933 0.008616126
POSE 5221 1488464844.720341125 0.005921521
POSE 5222 1488464844.730760965 0.005448283
POSE 5223 1488464844.740933776 0.005299626
POSE 5224 1488464844.750839820 0.006323497
POSE 5225 1488464844.760814945 0.009915806
POSE 5226 1488464844.770381498 0.005832963
POSE 5227 1488464844.780919415 0.005333286
POSE 5228 1488464844.790704951 0.008103483
POSE 5229 1488464844.800676898 0.005565982
POSE 5230 1488464844.810633084 0.005611002
POSE 5231 1488464844.820620271 0.005654703
POSE 5232 1488464844.830620444 0.006127292
POSE 5233 1488464844.840615725 0.005649275
POSE 5234 1488464844.850583944 0.005659272
POSE 5235 1488464844.860530725 0.005734970
POSE 5236 1488464844.870501568 0.006229108
POSE 5237 1488464844.880527611 0.005734134
POSE 5238 1488464844.890489770 0.008019506
POSE 5239 1488464844.900457334 0.005812779
POSE 5240 1488464844.910451133 0.006399538
POSE 5241 1488464844.920440014 0.005827228
POSE 5242 1488464844.930366431 0.005914213
POSE 5243 1488464844.940416420 0.008256173
POSE 5244 1488464844.950408046 0.006352939
POSE 5245 1488464844.960455709 0.005786886
POSE 5246 1488464844.970426708 0.005834432
POSE 5247 1488464844.980449092 0.005813265
POSE 5248 1488464844.990436923 0.006438257
POSE 5249 1488464845.000442827 0.005800098
POSE 5250 1488464845.010390048 0.005910200
POSE 5251 1488464845.020585640 0.005687244
POSE 5252 1488464845.030511167 0.006277423
POSE 5253 1488464845.040397178 0.005846637
POSE 5254 1488464845.050379553 0.005874072
POSE 5255 1488464845.060654478 0.005591265
POSE 5256 1488464845.070670171 0.006121897
POSE 5257 1488464845.080651272 0.005591106
POSE 5258 1488464845.090664530 0.005581012
POSE 5259 1488464845.100640355 0.005650053
POSE 5261 1488464845.120629753 0.000891509
POSE 5262 1488464845.130633060 0.005621483
POSE 5263 1488464845.140687210 0.005569414
POSE 5264 1488464845.150724758 0.006319085
POSE 5265 1488464845.160680597 0.009408485
POSE 5266 1488464845.170409776 0.005887845
POSE 5267 1488464845.180394042 0.005886039
POSE 5268 1488464845.190374261 0.006959199
POSE 5269 1488464845.200391433 0.005888711
POSE 5270 1488464845.210369161 0.005903687
POSE 5271 1488464845.220392129 0.005865311
POSE 5272 1488464845.230395523 0.006793923
POSE 5273 1488464845.240372207 0.005831615
POSE 5274 1488464845.250384401 0.005857854
POSE 5275 1488464845.260384134 0.005878007
POSE 5277 1488464845.280353407 0.001494219
POSE 5278 1488464845.290760882 0.005518300
POSE 5279 1488464845.300730824 0.005530164
POSE 5280 1488464845.310729376 0.006651826
POSE 5282 1488464845.330326345 0.000821852
POSE 5283 1488464845.340372002 0.005864995
POSE 5284 1488464845.350379298 0.006472813
POSE 5285 1488464845.360500128 0.005760647
POSE 5286 1488464845.370462759 0.005807904
POSE 5287 1488464845.380724120 0.005536726
POSE 5288 1488464845.390651081 0.006106001
POSE 5289 1488464845.400686857 0.005544687
POSE 5290 1488464845.410615541 0.005659703
POSE 5291 1488464845.420603123 0.005598551
POSE 5292 1488464845.430913699 0.006095432
POSE 5293 1488464845.440724876 0.005523104
POSE 5294 1488464845.450749954 0.005530166
POSE 5295 1488464845.460434214 0.005811174
POSE 5296 1488464845.470406006 0.006350563
POSE 5297 1488464845.480440788 0.005804870
POSE 5298 1488464845.490418140 0.005824056
POSE 5299 1488464845.500415145 0.005825915
POSE 5300 1488464845.510392882 0.006352178
POSE 5301 1488464845.520617192 0.005634064
POSE 5302 1488464845.530309680 0.005929138
POSE 5303 1488464845.540358713 0.005886901
POSE 5304 1488464845.550336801 0.006534278
POSE 5305 1488464845.560330584 0.005947403
POSE 5306 1488464845.570593951 0.005668853
POSE 5307 1488464845.580324919 0.005918218
POSE 5308 1488464845.590333562 0.006372379
POSE 5309 1488464845.600506747 0.005747551
POSE 5310 1488464845.610450217 0.008192197
POSE 5311 1488464845.620540864 0.005702606
POSE 5312 1488464845.630342197 0.006402626
POSE 5313 1488464845.640339949 0.005928681
POSE 5314 1488464845.650378438 0.005867417
POSE 5315 1488464845.660399806 0.008019863
POSE 5316 1488464845.670525429 0.006188416
POSE 5317 1488464845.680324819 0.005923709
POSE 5318 1488464845.690360222 0.005878290
POSE 5319 1488464845.700485383 0.005758616
POSE 5320 1488464845.710460161 0.006430665
POSE 5321 1488464845.720504576 0.005757931
POSE 5322 1488464845.730342450 0.005911740
POSE 5323 1488464845.740820713 0.005443340
POSE 5324 1488464845.750877036 0.006652640
POSE 5325 1488464845.760821213 0.005438788
POSE 5326 1488464845.770816482 0.005457578
POSE 5327 1488464845.780803166 0.005476798
POSE 5328 1488464845.790779042 0.006371454
POSE 5329 1488464845.800706109 0.005563683
POSE 5330 1488464845.810726894 0.009492115
POSE 5331 1488464845.820681868 0.005602559
POSE 5332 1488464845.830729934 0.006357609
POSE 5333 1488464845.840680777 0.005570805
POSE 5334 1488464845.850665013 0.005593612
POSE 5335 1488464845.860757748 0.005499756
POSE 5336 1488464845.870715446 0.006720940
POSE 5337 1488464845.880625237 0.005634937
POSE 5338 1488464845.890289090 0.005966306
POSE 5339 1488464845.900329865 0.005940267
POSE 5340 1488464845.910309881 0.007071638
POSE 5341 1488464845.920300408 0.005968016
POSE 5342 1488464845.930298720 0.005951785
POSE 5343 1488464845.940306304 0.005942697
POSE 5344 1488464845.950310948 0.006861589
POSE 5345 1488464845.960300038 0.005976980
POSE 5346 1488464845.970310035 0.005941339
POSE 5347 1488464845.980303305 0.005998516
POSE 5348 1488464845.990468240 0.006749499
POSE 5349 1488464846.000635039 0.005656415
POSE 5350 1488464846.010356085 0.005941518
POSE 5351 1488464846.020358098 0.009822228
POSE 5352 1488464846.030402777 0.006828931
POSE 5353 1488464846.040352923 0.005930586
POSE 5354 1488464846.050365128 0.005884791
POSE 5355 1488464846.060320369 0.005928060
POSE 5356 1488464846.070331015 0.006756563
POSE 5357 1488464846.080366455 0.009049544
POSE 5358 1488464846.090354429 0.005894602
POSE 5359 1488464846.100380889 0.005867677
POSE 5360 1488464846.110370000 0.006519009
POSE 5361 1488464846.120352781 0.005911458
POSE 5362 1488464846.130394631 0.005869767
POSE 5363 1488464846.140384347 0.005859798
POSE 5364 1488464846.150375753 0.006484747
POSE 5365 1488464846.160366077 0.005901079
POSE 5366 1488464846.170732072 0.005511775
POSE 5367 1488464846.180491931 0.005755294
POSE 5368 1488464846.190330235 0.006908967
POSE 5369 1488464846.201124521 0.005130724
POSE 5370 1488464846.210709923 0.005576946
POSE 5371 1488464846.220744516 0.005529444
POSE 5372 1488464846.230638946 0.006624100
POSE 5373 1488464846.240626850 0.005628961
POSE 5374 1488464846.250339760 0.005908410
POSE 5375 1488464846.260366884 0.005894539
POSE 5376 1488464846.270399648 0.006435609
POSE 5377 1488464846.280348540 0.005908657
POSE 5378 1488464846.290387734 0.005861788
POSE 5379 1488464846.300344351 0.005907025
POSE 5380 1488464846.310333545 0.006546570
POSE 5381 1488464846.320313031 0.005932222
POSE 5382 1488464846.330345826 0.005944117
POSE 5384 1488464846.351399477 0.001875959
POSE 5385 1488464846.360665665 0.005576197
POSE 5386 1488464846.370708491 0.005544021
POSE 5387 1488464846.380682790 0.005570073
POSE 5388 1488464846.390674716 0.006477234
POSE 5389 1488464846.400955413 0.005295521
POSE 5390 1488464846.410913326 0.005341886
POSE 5391 1488464846.420866854 0.005384137
POSE 5392 1488464846.430636469 0.006041821
POSE 5393 1488464846.440642983 0.005599275
POSE 5394 1488464846.450600609 0.005647314
POSE 5395 1488464846.460614988 0.005627106
POSE 5396 1488464846.470379240 0.006700792
POSE 5397 1488464846.480404244 0.005847945
POSE 5398 1488464846.490387645 0.009038556
POSE 5399 1488464846.500358206 0.005889747
POSE 5400 1488464846.510547719 0.006199033
POSE 5401 1488464846.520516511 0.005745742
POSE 5402 1488464846.530531663 0.005789255
