POSE 74944 1488465693.411572979 0.004691876
TWIST 74944 1488465693.411581691 0.005288613
POSE 74945 1488465693.421772730 0.001444624
TWIST 74945 1488465693.421778705 0.001953082
POSE 74946 1488465693.431594394 0.001601104
TWIST 74946 1488465693.431601896 0.001995128
POSE 74947 1488465693.441568537 0.001601921
TWIST 74947 1488465693.441574942 0.002023583
POSE 74948 1488465693.451508470 0.002171829
TWIST 74948 1488465693.451515090 0.002608243
POSE 74949 1488465693.461514237 0.001711902
TWIST 74949 1488465693.461520470 0.002118466
POSE 74950 1488465693.471749694 0.001415813
TWIST 74950 1488465693.471756184 0.001836114
POSE 74951 1488465693.481535706 0.001667336
TWIST 74951 1488465693.481543811 0.002315135
POSE 74952 1488465693.491496598 0.002187941
TWIST 74952 1488465693.491506201 0.002613492
POSE 74953 1488465693.501475726 0.003805583
TWIST 74953 1488465693.501484854 0.004177847
POSE 74954 1488465693.511495958 0.001721161
TWIST 74954 1488465693.511502936 0.002158420
POSE 74955 1488465693.521498442 0.001695348
TWIST 74955 1488465693.521504784 0.002125705
TWIST 74956 1488465693.531506766 0.002127281
POSE 74956 1488465693.531498169 0.002175792
POSE 74957 1488465693.541488988 0.001707950
TWIST 74957 1488465693.541496153 0.002080686
POSE 74958 1488465693.551531723 0.001660755
TWIST 74958 1488465693.551538303 0.002035024
POSE 74959 1488465693.561504529 0.001708992
TWIST 74959 1488465693.561513637 0.002096687
POSE 74960 1488465693.571525557 0.002211499
TWIST 74960 1488465693.571534661 0.002650360
TWIST 74961 1488465693.581504845 0.001698187
POSE 74961 1488465693.581495926 0.001757738
POSE 74962 1488465693.591502561 0.001689982
TWIST 74962 1488465693.591511448 0.002100932
POSE 74963 1488465693.601487870 0.001732287
TWIST 74963 1488465693.601496470 0.002139359
TWIST 74964 1488465693.611481559 0.002271343
POSE 74964 1488465693.611473294 0.002347434
TWIST 74965 1488465693.621473170 0.001760684
POSE 74965 1488465693.621463546 0.001803295
POSE 74966 1488465693.631480153 0.004154777
TWIST 74966 1488465693.631488614 0.004586552
POSE 74967 1488465693.641439850 0.001779516
TWIST 74967 1488465693.641447905 0.002198583
TWIST 74968 1488465693.651449474 0.002241286
POSE 74968 1488465693.651441269 0.002285920
POSE 74969 1488465693.661469561 0.001734265
TWIST 74969 1488465693.661476908 0.002517548
POSE 74970 1488465693.671434816 0.001767931
TWIST 74970 1488465693.671440994 0.002642348
POSE 74971 1488465693.681725382 0.003516413
TWIST 74971 1488465693.681731816 0.003926732
TWIST 74972 1488465693.691501071 0.002176348
POSE 74972 1488465693.691494479 0.002215176
POSE 74973 1488465693.701535954 0.001660690
TWIST 74973 1488465693.701542219 0.002096534
TWIST 74974 1488465693.711701933 0.004043752
POSE 74974 1488465693.711696433 0.004081489
POSE 74975 1488465693.721473799 0.001718780
TWIST 74975 1488465693.721480821 0.002142909
TWIST 74976 1488465693.731488187 0.002448401
POSE 74976 1488465693.731480905 0.002512031
POSE 74977 1488465693.741561404 0.001641262
TWIST 74977 1488465693.741572531 0.002233440
POSE 74978 1488465693.751766140 0.001434988
TWIST 74978 1488465693.751775627 0.002051956
POSE 74979 1488465693.761500209 0.001733873
TWIST 74979 1488465693.761515674 0.002169104
POSE 74980 1488465693.771499662 0.002127426
TWIST 74980 1488465693.771505351 0.002532837
POSE 74981 1488465693.781511663 0.001684847
TWIST 74981 1488465693.781521144 0.002112883
POSE 74982 1488465693.791504047 0.004173070
TWIST 74982 1488465693.791513066 0.004595579
TWIST 74983 1488465693.801501141 0.001691985
POSE 74983 1488465693.801495277 0.001737209
TWIST 74984 1488465693.811526623 0.002083709
POSE 74984 1488465693.811520793 0.002131551
POSE 74985 1488465693.821509716 0.001685619
TWIST 74985 1488465693.821515154 0.002096908
POSE 74986 1488465693.831470811 0.003952605
TWIST 74986 1488465693.831476381 0.004377278
POSE 74987 1488465693.841470233 0.001722378
TWIST 74987 1488465693.841476003 0.002136305
POSE 74988 1488465693.851484364 0.002232832
TWIST 74988 1488465693.851492766 0.002664786
POSE 74989 1488465693.861502884 0.003829379
TWIST 74989 1488465693.861510286 0.004239275
TWIST 74990 1488465693.871499221 0.001694626
POSE 74990 1488465693.871493027 0.001736620
POSE 74991 1488465693.881587088 0.001608484
TWIST 74991 1488465693.881594299 0.002040925
POSE 74992 1488465693.891663027 0.002044063
TWIST 74992 1488465693.891670363 0.002487456
POSE 74993 1488465693.901530146 0.003632236
TWIST 74993 1488465693.901536075 0.004028170
POSE 74994 1488465693.911442969 0.001775755
TWIST 74994 1488465693.911449926 0.002178256
POSE 74995 1488465693.921531399 0.001668778
TWIST 74995 1488465693.921539970 0.002037800
POSE 74996 1488465693.931498533 0.002291144
TWIST 74996 1488465693.931506966 0.002683739
POSE 74997 1488465693.941423176 0.001768071
TWIST 74997 1488465693.941428968 0.002176625
TWIST 74998 1488465693.951578247 0.001613782
POSE 74998 1488465693.951572510 0.001651774
POSE 74999 1488465693.961467144 0.001762922
TWIST 74999 1488465693.961472430 0.002375699
POSE 75000 1488465693.971495212 0.002375353
TWIST 75000 1488465693.971500822 0.002979911
POSE 75001 1488465693.981699554 0.001499522
TWIST 75001 1488465693.981708410 0.002145792
POSE 75002 1488465693.991670108 0.001536789
TWIST 75002 1488465693.991676217 0.001954573
POSE 75003 1488465694.001691065 0.001502419
TWIST 75003 1488465694.001697112 0.001924990
POSE 75004 1488465694.011635894 0.002076615
TWIST 75004 1488465694.011643615 0.002517717
POSE 75005 1488465694.021526658 0.001674460
TWIST 75005 1488465694.021535965 0.002096777
POSE 75006 1488465694.031516702 0.001678825
TWIST 75006 1488465694.031525828 0.002105526
POSE 75007 1488465694.041490011 0.001705250
TWIST 75007 1488465694.041497056 0.002158903
POSE 75008 1488465694.051528454 0.002127526
TWIST 75008 1488465694.051536195 0.002522415
POSE 75009 1488465694.061471801 0.001743484
TWIST 75009 1488465694.061477701 0.002133581
POSE 75010 1488465694.071498102 0.001694437
TWIST 75010 1488465694.071504846 0.002095146
POSE 75011 1488465694.081501508 0.001931280
TWIST 75011 1488465694.081508671 0.002531134
POSE 75012 1488465694.091500289 0.002361742
TWIST 75012 1488465694.091506827 0.002859226
TWIST 75013 1488465694.101500234 0.001718523
POSE 75013 1488465694.101494280 0.001757320
POSE 75014 1488465694.111721880 0.001472853
TWIST 75014 1488465694.111728963 0.001854755
POSE 75015 1488465694.121527696 0.001666150
TWIST 75015 1488465694.121536441 0.002043774
POSE 75016 1488465694.131521013 0.004515546
TWIST 75016 1488465694.131528276 0.004880422
POSE 75017 1488465694.141480553 0.001746166
TWIST 75017 1488465694.141487185 0.002324886
TWIST 75018 1488465694.151776359 0.001416268
POSE 75018 1488465694.151770386 0.001461461
POSE 75019 1488465694.161502550 0.001692168
TWIST 75019 1488465694.161509003 0.002065983
POSE 75020 1488465694.171703221 0.001959603
TWIST 75020 1488465694.171709053 0.002359563
TWIST 75021 1488465694.181514456 0.004041045
POSE 75021 1488465694.181507596 0.004080220
POSE 75022 1488465694.191510316 0.001693136
TWIST 75022 1488465694.191516783 0.002120503
POSE 75023 1488465694.201496974 0.001698561
TWIST 75023 1488465694.201504700 0.002133165
TWIST 75024 1488465694.211496828 0.004323896
POSE 75024 1488465694.211490071 0.004361798
POSE 75025 1488465694.221465018 0.001728693
TWIST 75025 1488465694.221470936 0.002134448
POSE 75026 1488465694.231443158 0.001772981
TWIST 75026 1488465694.231448747 0.002181901
TWIST 75027 1488465694.241509595 0.001695094
POSE 75027 1488465694.241503532 0.001729715
POSE 75028 1488465694.251510707 0.002229232
TWIST 75028 1488465694.251516631 0.002671721
POSE 75029 1488465694.261464708 0.003772793
TWIST 75029 1488465694.261470645 0.004195257
TWIST 75030 1488465694.271495480 0.001701408
POSE 75030 1488465694.271489018 0.001747349
POSE 75031 1488465694.281451000 0.001770312
TWIST 75031 1488465694.281457220 0.002253731
POSE 75032 1488465694.291474800 0.002261739
TWIST 75032 1488465694.291481282 0.002658359
POSE 75033 1488465694.301488413 0.001704650
TWIST 75033 1488465694.301494379 0.002077424
TWIST 75034 1488465694.311455532 0.003764906
POSE 75034 1488465694.311448610 0.003823276
POSE 75035 1488465694.321442076 0.001749930
TWIST 75035 1488465694.321447809 0.002115928
POSE 75036 1488465694.331485810 0.002162830
TWIST 75036 1488465694.331493770 0.002622358
POSE 75037 1488465694.341557633 0.003856683
TWIST 75037 1488465694.341565543 0.004293783
POSE 75038 1488465694.351517296 0.001701420
TWIST 75038 1488465694.351523611 0.002105919
POSE 75039 1488465694.361496501 0.001715778
TWIST 75039 1488465694.361502324 0.002105367
POSE 75040 1488465694.371473821 0.002171438
TWIST 75040 1488465694.371479805 0.002581816
POSE 75041 1488465694.381521817 0.001673861
TWIST 75041 1488465694.381527752 0.002090529
TWIST 75042 1488465694.391507400 0.001685381
POSE 75042 1488465694.391501887 0.001723715
POSE 75043 1488465694.401572808 0.003471046
TWIST 75043 1488465694.401578625 0.003839438
TWIST 75044 1488465694.411450369 0.002398217
POSE 75044 1488465694.411444223 0.002438882
POSE 75045 1488465694.421456419 0.001737968
TWIST 75045 1488465694.421462615 0.002287183
POSE 75046 1488465694.431444491 0.001754840
TWIST 75046 1488465694.431450912 0.002338876
POSE 75047 1488465694.441457354 0.001737095
TWIST 75047 1488465694.441465715 0.002106252
TWIST 75048 1488465694.451459382 0.004052062
POSE 75048 1488465694.451451687 0.004094064
TWIST 75049 1488465694.461483001 0.001708577
POSE 75049 1488465694.461477114 0.001745010
POSE 75050 1488465694.471458142 0.001737390
TWIST 75050 1488465694.471464592 0.002202102
POSE 75051 1488465694.481609350 0.004494252
TWIST 75051 1488465694.481614886 0.004976363
POSE 75052 1488465694.491621800 0.002121109
TWIST 75052 1488465694.491627815 0.002584565
TWIST 75053 1488465694.501535109 0.001658911
POSE 75053 1488465694.501528109 0.001703282
POSE 75054 1488465694.511525435 0.003861020
TWIST 75054 1488465694.511533610 0.004294680
POSE 75055 1488465694.521462538 0.001731677
TWIST 75055 1488465694.521469666 0.002159984
POSE 75056 1488465694.531499546 0.002208035
TWIST 75056 1488465694.531506366 0.002669577
POSE 75057 1488465694.541476597 0.001715889
TWIST 75057 1488465694.541483477 0.002133562
TWIST 75058 1488465694.551413363 0.001779934
POSE 75058 1488465694.551407346 0.001820901
POSE 75059 1488465694.561427822 0.001763645
TWIST 75059 1488465694.561433655 0.002186284
TWIST 75060 1488465694.571462023 0.002272625
POSE 75060 1488465694.571456056 0.002319789
POSE 75061 1488465694.581425952 0.001769375
TWIST 75061 1488465694.581434078 0.002214300
POSE 75062 1488465694.591457245 0.001733786
TWIST 75062 1488465694.591463376 0.002154988
TWIST 75063 1488465694.601622364 0.001579996
POSE 75063 1488465694.601616934 0.001615142
POSE 75064 1488465694.611435461 0.002300921
TWIST 75064 1488465694.611442013 0.002794045
POSE 75065 1488465694.621475634 0.001721129
TWIST 75065 1488465694.621482949 0.002140335
POSE 75066 1488465694.631421078 0.001772825
TWIST 75066 1488465694.631427080 0.002236499
TWIST 75067 1488465694.641452789 0.001755614
POSE 75067 1488465694.641446755 0.001802886
TWIST 75068 1488465694.651499071 0.002230591
POSE 75068 1488465694.651493068 0.002278698
TWIST 75069 1488465694.661480790 0.001713002
POSE 75069 1488465694.661475449 0.001752990
POSE 75070 1488465694.671458509 0.001755838
TWIST 75070 1488465694.671466164 0.002161947
POSE 75071 1488465694.681714363 0.001490251
TWIST 75071 1488465694.681736315 0.001898951
TWIST 75072 1488465694.691564654 0.002187028
POSE 75072 1488465694.691556555 0.002228861
TWIST 75073 1488465694.701539301 0.001671377
POSE 75073 1488465694.701531434 0.001717707
TWIST 75074 1488465694.711520673 0.003800096
POSE 75074 1488465694.711512564 0.003840064
POSE 75075 1488465694.721708295 0.001509795
TWIST 75075 1488465694.721713905 0.001917872
POSE 75076 1488465694.731528129 0.002404655
TWIST 75076 1488465694.731536852 0.002849321
TWIST 75077 1488465694.741508463 0.001685775
POSE 75077 1488465694.741498130 0.001729882
POSE 75078 1488465694.751425576 0.004017063
TWIST 75078 1488465694.751432518 0.004402793
POSE 75079 1488465694.761458188 0.001765348
TWIST 75079 1488465694.761465428 0.002147772
TWIST 75080 1488465694.771459332 0.002150426
POSE 75080 1488465694.771453028 0.002188131
POSE 75081 1488465694.781468195 0.001742875
TWIST 75081 1488465694.781474995 0.002105138
POSE 75082 1488465694.791455642 0.001774116
TWIST 75082 1488465694.791462128 0.002153011
POSE 75083 1488465694.801504845 0.001686038
TWIST 75083 1488465694.801512140 0.002052864
POSE 75084 1488465694.811479877 0.002094155
TWIST 75084 1488465694.811486253 0.002476676
POSE 75085 1488465694.821469255 0.001723286
TWIST 75085 1488465694.821495134 0.002110281
POSE 75086 1488465694.831471824 0.003581520
TWIST 75086 1488465694.831477691 0.003943742
POSE 75087 1488465694.841456634 0.001734882
TWIST 75087 1488465694.841461838 0.002091186
TWIST 75088 1488465694.851480259 0.002123860
POSE 75088 1488465694.851472532 0.002173132
TWIST 75089 1488465694.861683374 0.003358968
POSE 75089 1488465694.861677309 0.003394365
POSE 75090 1488465694.871691438 0.001501128
TWIST 75090 1488465694.871697406 0.001915636
POSE 75091 1488465694.881570683 0.001648466
TWIST 75091 1488465694.881577551 0.002020982
TWIST 75092 1488465694.891457465 0.002211430
POSE 75092 1488465694.891450054 0.002254826
TWIST 75093 1488465694.901454729 0.001739549
POSE 75093 1488465694.901447792 0.001781145
POSE 75094 1488465694.911445222 0.004107174
TWIST 75094 1488465694.911451347 0.004526730
POSE 75095 1488465694.921449438 0.001746646
TWIST 75095 1488465694.921455898 0.002171293
POSE 75096 1488465694.931453989 0.002390079
TWIST 75096 1488465694.931460489 0.002885123
TWIST 75097 1488465694.941457873 0.001738513
POSE 75097 1488465694.941452997 0.001789653
POSE 75098 1488465694.951445206 0.001751874
TWIST 75098 1488465694.951451720 0.002177273
POSE 75099 1488465694.961461037 0.003830683
TWIST 75099 1488465694.961468157 0.004253813
POSE 75100 1488465694.971508443 0.002529439
TWIST 75100 1488465694.971514158 0.002988264
TWIST 75101 1488465694.981529609 0.001666398
POSE 75101 1488465694.981523585 0.001717993
POSE 75102 1488465694.991523077 0.004200298
TWIST 75102 1488465694.991530409 0.004686526
POSE 75103 1488465695.001498494 0.001694428
TWIST 75103 1488465695.001504362 0.002159822
POSE 75104 1488465695.011523126 0.002123970
TWIST 75104 1488465695.011529193 0.002529686
POSE 75105 1488465695.021468938 0.001693361
TWIST 75105 1488465695.021475856 0.002084479
POSE 75106 1488465695.031645725 0.003465189
TWIST 75106 1488465695.031652266 0.003849902
POSE 75107 1488465695.041472308 0.001742852
TWIST 75107 1488465695.041477850 0.002108570
POSE 75108 1488465695.051551600 0.002038243
TWIST 75108 1488465695.051557390 0.002447835
POSE 75109 1488465695.061478883 0.001715907
TWIST 75109 1488465695.061484712 0.002236449
POSE 75110 1488465695.071593759 0.001623921
TWIST 75110 1488465695.071600214 0.001999513
POSE 75111 1488465695.081535425 0.003803931
TWIST 75111 1488465695.081541632 0.004192317
POSE 75112 1488465695.091483272 0.002305050
TWIST 75112 1488465695.091489302 0.002739688
POSE 75113 1488465695.101513303 0.001689122
TWIST 75113 1488465695.101518770 0.002112109
POSE 75114 1488465695.111462806 0.001730811
TWIST 75114 1488465695.111467929 0.002194613
POSE 75115 1488465695.121529313 0.001663972
TWIST 75115 1488465695.121536042 0.002105056
POSE 75116 1488465695.131482948 0.004262954
TWIST 75116 1488465695.131489179 0.004685963
POSE 75117 1488465695.141394834 0.001800014
TWIST 75117 1488465695.141400721 0.002177777
POSE 75118 1488465695.151445109 0.001763022
TWIST 75118 1488465695.151452333 0.002441490
POSE 75119 1488465695.161661436 0.003370992
TWIST 75119 1488465695.161667439 0.003751765
POSE 75120 1488465695.171436677 0.002167601
TWIST 75120 1488465695.171441905 0.002567530
TWIST 75122 1488465695.191494436 0.001700196
POSE 75122 1488465695.191472389 0.001765831
POSE 75123 1488465695.201429217 0.001767596
TWIST 75123 1488465695.201434871 0.002189640
POSE 75124 1488465695.211444388 0.004332965
TWIST 75124 1488465695.211450150 0.004761660
POSE 75125 1488465695.221416808 0.001790565
TWIST 75125 1488465695.221422789 0.002551360
POSE 75126 1488465695.231411813 0.001862299
TWIST 75126 1488465695.231417034 0.002729206
POSE 75127 1488465695.241462327 0.001738991
TWIST 75127 1488465695.241477081 0.002434825
POSE 75128 1488465695.251814383 0.001921174
TWIST 75128 1488465695.251822307 0.002414284
POSE 75129 1488465695.261725902 0.003243101
TWIST 75129 1488465695.261733700 0.003634588
POSE 75130 1488465695.271743735 0.001447710
TWIST 75130 1488465695.271750285 0.001822155
POSE 75131 1488465695.281664644 0.001547917
TWIST 75131 1488465695.281670461 0.001965990
POSE 75132 1488465695.291648708 0.002095899
TWIST 75132 1488465695.291655706 0.002530651
POSE 75133 1488465695.301630458 0.003495481
TWIST 75133 1488465695.301644779 0.003877026
POSE 75134 1488465695.311608029 0.001590556
TWIST 75134 1488465695.311616847 0.002166883
POSE 75135 1488465695.321469094 0.001731115
TWIST 75135 1488465695.321477413 0.002136586
POSE 75136 1488465695.331462397 0.004413208
TWIST 75136 1488465695.331469290 0.004824478
TWIST 75137 1488465695.341471513 0.001775417
POSE 75137 1488465695.341464671 0.001836548
POSE 75138 1488465695.351686874 0.001513395
TWIST 75138 1488465695.351693078 0.002271076
POSE 75139 1488465695.361442113 0.001759722
TWIST 75139 1488465695.361448780 0.002515579
POSE 75140 1488465695.371512865 0.002483264
TWIST 75140 1488465695.371518787 0.003208575
POSE 75141 1488465695.381474559 0.005506526
TWIST 75141 1488465695.381480862 0.006219335
POSE 75142 1488465695.391479155 0.001754202
TWIST 75142 1488465695.391485566 0.002454442
POSE 75143 1488465695.401643276 0.001568779
TWIST 75143 1488465695.401648940 0.002175487
POSE 75144 1488465695.411601394 0.002043499
TWIST 75144 1488465695.411607953 0.002565205
POSE 75145 1488465695.421459741 0.001735668
TWIST 75145 1488465695.421466482 0.002103699
POSE 75146 1488465695.431454205 0.003803927
TWIST 75146 1488465695.431462136 0.004174983
POSE 75147 1488465695.441422895 0.001784373
TWIST 75147 1488465695.441430578 0.002511733
POSE 75148 1488465695.451467050 0.002277362
TWIST 75148 1488465695.451475073 0.002766080
POSE 75149 1488465695.461458231 0.004175770
TWIST 75149 1488465695.461466403 0.004647025
POSE 75150 1488465695.471472384 0.001723049
TWIST 75150 1488465695.471479006 0.002119011
POSE 75151 1488465695.481432350 0.001782318
TWIST 75151 1488465695.481442207 0.002154619
POSE 75152 1488465695.491443497 0.002169792
TWIST 75152 1488465695.491449422 0.002556180
POSE 75153 1488465695.501483470 0.001712372
TWIST 75153 1488465695.501490717 0.002212639
POSE 75154 1488465695.511464146 0.004323835
TWIST 75154 1488465695.511472061 0.004864816
POSE 75155 1488465695.521426702 0.001773653
TWIST 75155 1488465695.521434414 0.002318506
POSE 75156 1488465695.531466227 0.002398766
TWIST 75156 1488465695.531474049 0.002955191
POSE 75157 1488465695.541510586 0.001691993
TWIST 75157 1488465695.541517574 0.002334709
TWIST 75158 1488465695.551500529 0.001726041
POSE 75158 1488465695.551494265 0.001778566
POSE 75159 1488465695.561519153 0.004317237
TWIST 75159 1488465695.561525376 0.004864495
POSE 75160 1488465695.571489313 0.002209388
TWIST 75160 1488465695.571494497 0.002779333
POSE 75161 1488465695.581493740 0.001703202
TWIST 75161 1488465695.581499314 0.002239414
POSE 75162 1488465695.591498157 0.003535943
TWIST 75162 1488465695.591504093 0.003916561
POSE 75163 1488465695.601606233 0.001585436
TWIST 75163 1488465695.601611667 0.001992899
POSE 75164 1488465695.611473101 0.002272704
TWIST 75164 1488465695.611478305 0.002712035
POSE 75165 1488465695.621743651 0.001447881
TWIST 75165 1488465695.621748916 0.001865661
POSE 75166 1488465695.631756467 0.001439234
TWIST 75166 1488465695.631762891 0.001810284
TWIST 75167 1488465695.641547556 0.001660657
POSE 75167 1488465695.641538827 0.001700294
POSE 75168 1488465695.651504471 0.004324288
TWIST 75168 1488465695.651511598 0.004741414
TWIST 75169 1488465695.661544874 0.001672723
POSE 75169 1488465695.661537515 0.001709731
POSE 75170 1488465695.671503120 0.001690999
TWIST 75170 1488465695.671511248 0.002080262
POSE 75171 1488465695.681472738 0.001723933
TWIST 75171 1488465695.681480037 0.002190271
POSE 75172 1488465695.691724292 0.004231353
TWIST 75172 1488465695.691730544 0.004672563
POSE 75173 1488465695.701506635 0.001712062
TWIST 75173 1488465695.701513020 0.002095732
POSE 75174 1488465695.711509053 0.001685778
TWIST 75174 1488465695.711515217 0.002110212
POSE 75175 1488465695.721515225 0.001678740
TWIST 75175 1488465695.721521748 0.002045363
POSE 75176 1488465695.731460632 0.004769021
TWIST 75176 1488465695.731467609 0.005251145
POSE 75177 1488465695.741508726 0.001715638
TWIST 75177 1488465695.741515555 0.002125580
TWIST 75178 1488465695.751546079 0.001634462
POSE 75178 1488465695.751537394 0.001686437
POSE 75179 1488465695.761504473 0.004026428
TWIST 75179 1488465695.761510992 0.004468827
TWIST 75180 1488465695.771504762 0.002219202
POSE 75180 1488465695.771499318 0.002257915
TWIST 75181 1488465695.781497458 0.001721328
POSE 75181 1488465695.781489073 0.001761360
TWIST 75182 1488465695.791495539 0.001700753
POSE 75182 1488465695.791489105 0.001738386
POSE 75183 1488465695.801476057 0.001717293
TWIST 75183 1488465695.801482990 0.002107176
TWIST 75184 1488465695.811519388 0.004061210
POSE 75184 1488465695.811511625 0.004100106
POSE 75185 1488465695.821492976 0.001681195
TWIST 75185 1488465695.821500145 0.002126814
TWIST 75186 1488465695.831484711 0.001708534
POSE 75186 1488465695.831478135 0.001751113
TWIST 75187 1488465695.841399212 0.001795519
POSE 75187 1488465695.841392696 0.001836607
POSE 75188 1488465695.851507514 0.002297047
TWIST 75188 1488465695.851515101 0.002676271
POSE 75189 1488465695.861462058 0.001729736
TWIST 75189 1488465695.861468087 0.002091353
POSE 75190 1488465695.871472504 0.001722542
TWIST 75190 1488465695.871479008 0.002157326
POSE 75191 1488465695.881474359 0.003867032
TWIST 75191 1488465695.881480744 0.004294860
POSE 75192 1488465695.891477893 0.002238606
TWIST 75192 1488465695.891483311 0.002678849
TWIST 75193 1488465695.901483743 0.001711969
POSE 75193 1488465695.901477228 0.001766977
POSE 75194 1488465695.911502044 0.003607310
TWIST 75194 1488465695.911509111 0.003991867
TWIST 75195 1488465695.921504500 0.001688407
POSE 75195 1488465695.921498782 0.001726151
POSE 75196 1488465695.931500687 0.002260165
TWIST 75196 1488465695.931506553 0.002691667
POSE 75197 1488465695.941446208 0.001750145
TWIST 75197 1488465695.941452134 0.002162217
POSE 75198 1488465695.951482767 0.001710854
TWIST 75198 1488465695.951492896 0.002157154
POSE 75199 1488465695.961435867 0.003959172
TWIST 75199 1488465695.961445034 0.004393530
POSE 75200 1488465695.971467628 0.002401610
TWIST 75200 1488465695.971472925 0.002814646
TWIST 75201 1488465695.981550975 0.001675098
POSE 75201 1488465695.981544952 0.001712465
POSE 75202 1488465695.991522463 0.001675841
TWIST 75202 1488465695.991528616 0.002134450
POSE 75203 1488465696.001498296 0.001695344
TWIST 75203 1488465696.001504105 0.002160261
POSE 75204 1488465696.011483391 0.004953030
TWIST 75204 1488465696.011490537 0.005372682
TWIST 75205 1488465696.021473747 0.001719518
POSE 75205 1488465696.021467549 0.001775418
TWIST 75206 1488465696.031564534 0.001631473
POSE 75206 1488465696.031557829 0.001677653
POSE 75207 1488465696.041543042 0.001651771
TWIST 75207 1488465696.041549998 0.002067128
TWIST 75208 1488465696.051451441 0.002297767
POSE 75208 1488465696.051444598 0.002367782
POSE 75209 1488465696.061426756 0.001794451
TWIST 75209 1488465696.061432683 0.002217282
TWIST 75210 1488465696.071422567 0.001780302
POSE 75210 1488465696.071416780 0.001815044
POSE 75211 1488465696.081462348 0.001734726
TWIST 75211 1488465696.081470607 0.002150613
POSE 75212 1488465696.091460947 0.002400123
TWIST 75212 1488465696.091467760 0.002815949
POSE 75213 1488465696.101460917 0.001738195
TWIST 75213 1488465696.101467104 0.002322586
TWIST 75214 1488465696.111494457 0.001744850
POSE 75214 1488465696.111488049 0.001806021
POSE 75215 1488465696.121469852 0.001725542
TWIST 75215 1488465696.121475611 0.002154149
POSE 75216 1488465696.131474458 0.002183816
TWIST 75216 1488465696.131482808 0.002560890
POSE 75217 1488465696.141476539 0.003550644
TWIST 75217 1488465696.141484614 0.003909735
POSE 75218 1488465696.151508800 0.001715627
TWIST 75218 1488465696.151515418 0.002238966
TWIST 75219 1488465696.161460403 0.001733858
POSE 75219 1488465696.161454689 0.001779752
POSE 75220 1488465696.171599481 0.002060261
TWIST 75220 1488465696.171606352 0.002526480
POSE 75221 1488465696.181445012 0.004222727
TWIST 75221 1488465696.181452160 0.004673721
POSE 75222 1488465696.191442309 0.001751483
TWIST 75222 1488465696.191448273 0.002177993
TWIST 75223 1488465696.201769239 0.001381763
POSE 75223 1488465696.201762502 0.001427347
POSE 75224 1488465696.211489097 0.002223244
TWIST 75224 1488465696.211496983 0.002662355
POSE 75225 1488465696.221431928 0.001760849
TWIST 75225 1488465696.221440903 0.002269869
POSE 75226 1488465696.231720785 0.001500399
TWIST 75226 1488465696.231734809 0.001924293
TWIST 75227 1488465696.241495351 0.001696616
POSE 75227 1488465696.241486448 0.001738106
POSE 75228 1488465696.251463695 0.002189257
TWIST 75228 1488465696.251470416 0.002626908
POSE 75229 1488465696.261429460 0.001772589
TWIST 75229 1488465696.261436388 0.002174799
POSE 75230 1488465696.271447519 0.003946760
TWIST 75230 1488465696.271459203 0.004362353
TWIST 75231 1488465696.281709068 0.001506809
POSE 75231 1488465696.281700587 0.001546410
POSE 75232 1488465696.291612595 0.002044591
TWIST 75232 1488465696.291620654 0.002468729
POSE 75233 1488465696.301655965 0.001537478
TWIST 75233 1488465696.301664919 0.001976560
POSE 75234 1488465696.311604795 0.001622675
TWIST 75234 1488465696.311612079 0.004388462
POSE 75235 1488465696.321495793 0.001653209
TWIST 75235 1488465696.321508728 0.002259128
TWIST 75236 1488465696.331448310 0.002190604
POSE 75236 1488465696.331440214 0.002233748
POSE 75237 1488465696.341458995 0.001735560
TWIST 75237 1488465696.341472986 0.002119881
TWIST 75238 1488465696.351533440 0.003872488
POSE 75238 1488465696.351527300 0.003906530
TWIST 75239 1488465696.361428431 0.001784256
POSE 75239 1488465696.361420563 0.001821049
POSE 75240 1488465696.371455057 0.002172927
TWIST 75240 1488465696.371461117 0.002560659
TWIST 75241 1488465696.381481694 0.001712808
POSE 75241 1488465696.381461286 0.001771262
POSE 75242 1488465696.391455088 0.003723115
TWIST 75242 1488465696.391460790 0.004103068
POSE 75243 1488465696.401498905 0.001688660
TWIST 75243 1488465696.401504899 0.002074662
POSE 75244 1488465696.411485752 0.002427782
TWIST 75244 1488465696.411491896 0.003051803
TWIST 75245 1488465696.421519727 0.001678077
POSE 75245 1488465696.421514603 0.001726321
POSE 75246 1488465696.431480565 0.001717886
TWIST 75246 1488465696.431487484 0.002299393
TWIST 75247 1488465696.441590360 0.004462265
POSE 75247 1488465696.441582706 0.004505516
POSE 75248 1488465696.451608070 0.002144471
TWIST 75248 1488465696.451614601 0.002612401
POSE 75249 1488465696.461592083 0.001626207
TWIST 75249 1488465696.461598835 0.002064157
POSE 75250 1488465696.471557396 0.001634445
TWIST 75250 1488465696.471563475 0.002017010
POSE 75251 1488465696.481557028 0.001640655
TWIST 75251 1488465696.481563303 0.002107709
POSE 75252 1488465696.491536688 0.004380820
TWIST 75252 1488465696.491543504 0.004841712
POSE 75253 1488465696.501552091 0.001642549
TWIST 75253 1488465696.501558527 0.002121613
TWIST 75254 1488465696.511541244 0.001694848
POSE 75254 1488465696.511533980 0.001750465
POSE 75255 1488465696.521514238 0.001679385
TWIST 75255 1488465696.521520208 0.002141348
POSE 75256 1488465696.531655789 0.002072808
TWIST 75256 1488465696.531662391 0.002568493
POSE 75257 1488465696.541530903 0.001662510
TWIST 75257 1488465696.541537201 0.002150860
POSE 75258 1488465696.551479708 0.001713174
TWIST 75258 1488465696.551485844 0.002154948
POSE 75259 1488465696.561389022 0.001803224
TWIST 75259 1488465696.561395349 0.002240514
TWIST 75260 1488465696.571461219 0.002244153
POSE 75260 1488465696.571455291 0.002296588
TWIST 75261 1488465696.581496252 0.001697083
POSE 75261 1488465696.581490356 0.001740651
POSE 75262 1488465696.591540017 0.001654972
TWIST 75262 1488465696.591546758 0.002102006
POSE 75263 1488465696.601502964 0.001690575
TWIST 75263 1488465696.601508343 0.002145448
POSE 75264 1488465696.611467262 0.002292196
TWIST 75264 1488465696.611472920 0.002766843
POSE 75265 1488465696.621461030 0.001732636
TWIST 75265 1488465696.621467019 0.002148404
POSE 75266 1488465696.631466089 0.001730448
TWIST 75266 1488465696.631471356 0.002158241
TWIST 75267 1488465696.641409180 0.001793959
POSE 75267 1488465696.641403040 0.001838585
POSE 75268 1488465696.651419918 0.002319985
TWIST 75268 1488465696.651426468 0.002944195
POSE 75269 1488465696.661438378 0.001766243
TWIST 75269 1488465696.661444476 0.002670487
POSE 75270 1488465696.671456232 0.001756485
TWIST 75270 1488465696.671462558 0.002184108
POSE 75271 1488465696.681584402 0.001614276
TWIST 75271 1488465696.681598596 0.002028666
TWIST 75272 1488465696.691824498 0.001835306
POSE 75272 1488465696.691810880 0.001900275
POSE 75273 1488465696.701702316 0.001495783
TWIST 75273 1488465696.701712198 0.002092749
POSE 75274 1488465696.711816523 0.003315559
TWIST 75274 1488465696.711826719 0.003691463
POSE 75275 1488465696.721844521 0.001347627
TWIST 75275 1488465696.721853805 0.001712965
TWIST 75276 1488465696.731845972 0.001942322
POSE 75276 1488465696.731837680 0.002011744
POSE 75277 1488465696.741752326 0.001443618
TWIST 75277 1488465696.741760749 0.001883623
POSE 75278 1488465696.751730542 0.001437504
TWIST 75278 1488465696.751739450 0.002098597
TWIST 75279 1488465696.761719453 0.004069890
POSE 75279 1488465696.761711017 0.004133583
POSE 75280 1488465696.771520454 0.002180766
TWIST 75280 1488465696.771529760 0.002626271
POSE 75281 1488465696.781456319 0.001719463
TWIST 75281 1488465696.781464180 0.002081786
POSE 75282 1488465696.791506216 0.001684876
TWIST 75282 1488465696.791513193 0.002064723
POSE 75283 1488465696.801510715 0.001682269
TWIST 75283 1488465696.801519317 0.002067579
TWIST 75284 1488465696.811492973 0.004048041
POSE 75284 1488465696.811486089 0.004084031
TWIST 75285 1488465696.821536860 0.001656422
POSE 75285 1488465696.821523252 0.001701277
POSE 75286 1488465696.831533750 0.001683307
TWIST 75286 1488465696.831543814 0.002058696
POSE 75287 1488465696.841479089 0.001733461
TWIST 75287 1488465696.841485774 0.002480668
POSE 75288 1488465696.851509969 0.002565912
TWIST 75288 1488465696.851516533 0.003311704
TWIST 75289 1488465696.861525008 0.005694433
POSE 75289 1488465696.861518600 0.005766669
POSE 75290 1488465696.871538954 0.001671890
TWIST 75290 1488465696.871548679 0.002502910
POSE 75291 1488465696.881502509 0.001702043
TWIST 75291 1488465696.881509675 0.002491781
TWIST 75292 1488465696.891505296 0.007048588
POSE 75292 1488465696.891499591 0.007110268
POSE 75293 1488465696.901491454 0.001710386
TWIST 75293 1488465696.901497187 0.002491033
POSE 75294 1488465696.911457138 0.001745406
TWIST 75294 1488465696.911462206 0.002493320
TWIST 75295 1488465696.921494262 0.001733878
POSE 75295 1488465696.921486718 0.001792816
TWIST 75296 1488465696.931517240 0.006020244
POSE 75296 1488465696.931498913 0.006090569
TWIST 75297 1488465696.941479324 0.001699140
POSE 75297 1488465696.941473928 0.001741659
POSE 75298 1488465696.951461901 0.001729994
TWIST 75298 1488465696.951466825 0.002087538
POSE 75299 1488465696.961501148 0.001697742
TWIST 75299 1488465696.961507535 0.002278246
TWIST 75300 1488465696.971513237 0.002128550
POSE 75300 1488465696.971505975 0.002170578
POSE 75301 1488465696.981476176 0.003875133
TWIST 75301 1488465696.981481380 0.004263011
POSE 75302 1488465696.991466909 0.001754106
TWIST 75302 1488465696.991472241 0.002135796
POSE 75303 1488465697.001461015 0.001732601
TWIST 75303 1488465697.001468870 0.002168337
POSE 75304 1488465697.011476822 0.002157027
TWIST 75304 1488465697.011483510 0.002556866
TWIST 75305 1488465697.021503334 0.001661900
POSE 75305 1488465697.021489480 0.001724272
POSE 75306 1488465697.031496711 0.004582699
TWIST 75306 1488465697.031503379 0.005108445
TWIST 75307 1488465697.041479631 0.001720379
POSE 75307 1488465697.041474164 0.001784164
POSE 75308 1488465697.051503870 0.002227640
TWIST 75308 1488465697.051512389 0.002759913
POSE 75309 1488465697.061487776 0.004202159
TWIST 75309 1488465697.061493695 0.004744628
POSE 75310 1488465697.071513062 0.001683591
TWIST 75310 1488465697.071518307 0.002174952
POSE 75311 1488465697.081408754 0.001820150
TWIST 75311 1488465697.081414065 0.002316970
POSE 75312 1488465697.091431900 0.002431946
TWIST 75312 1488465697.091437680 0.002971342
TWIST 75313 1488465697.101471627 0.001724600
POSE 75313 1488465697.101463849 0.001779422
POSE 75314 1488465697.111436968 0.003984763
TWIST 75314 1488465697.111442546 0.004406510
POSE 75315 1488465697.121429953 0.001762225
TWIST 75315 1488465697.121436346 0.002184843
TWIST 75316 1488465697.131438163 0.002326550
POSE 75316 1488465697.131431618 0.002379272
POSE 75317 1488465697.141464984 0.001747631
TWIST 75317 1488465697.141474569 0.002143334
POSE 75318 1488465697.151442409 0.001754398
TWIST 75318 1488465697.151451499 0.002333058
TWIST 75319 1488465697.161445249 0.003786976
POSE 75319 1488465697.161439471 0.003821749
TWIST 75320 1488465697.171462325 0.002699437
POSE 75320 1488465697.171456319 0.002770788
POSE 75321 1488465697.181755278 0.001488565
TWIST 75321 1488465697.181765912 0.002285101
POSE 75322 1488465697.191692511 0.001506586
TWIST 75322 1488465697.191700776 0.001983379
POSE 75323 1488465697.201549446 0.001646071
TWIST 75323 1488465697.201556863 0.002126732
POSE 75324 1488465697.211573641 0.005751509
TWIST 75324 1488465697.211580337 0.006435031
POSE 75325 1488465697.221519266 0.001679619
TWIST 75325 1488465697.221526970 0.002340578
POSE 75326 1488465697.231536547 0.001666532
TWIST 75326 1488465697.231543900 0.002381295
POSE 75327 1488465697.241663437 0.001532967
TWIST 75327 1488465697.241669397 0.002068867
POSE 75328 1488465697.251578996 0.005042433
TWIST 75328 1488465697.251585058 0.005584467
POSE 75329 1488465697.261518406 0.001709075
TWIST 75329 1488465697.261524385 0.002244972
POSE 75330 1488465697.271500466 0.001693017
TWIST 75330 1488465697.271505352 0.002223738
POSE 75331 1488465697.281543965 0.001651057
TWIST 75331 1488465697.281549458 0.002182982
POSE 75332 1488465697.291499016 0.002656988
TWIST 75332 1488465697.291506585 0.003590474
POSE 75333 1488465697.301469339 0.006485633
TWIST 75333 1488465697.301475299 0.007569024
POSE 75334 1488465697.311492611 0.001708338
TWIST 75334 1488465697.311502669 0.002432257
POSE 75335 1488465697.321442777 0.001758451
TWIST 75335 1488465697.321448642 0.002550771
POSE 75336 1488465697.331454951 0.006328015
TWIST 75336 1488465697.331462226 0.007048387
POSE 75337 1488465697.341437516 0.001761664
TWIST 75337 1488465697.341443355 0.002418284
POSE 75338 1488465697.351466573 0.001731749
TWIST 75338 1488465697.351475752 0.002237142
POSE 75339 1488465697.361539769 0.003879949
TWIST 75339 1488465697.361546082 0.004359409
POSE 75340 1488465697.371688114 0.001868226
TWIST 75340 1488465697.371694363 0.002331905
POSE 75341 1488465697.381489799 0.001729455
TWIST 75341 1488465697.381496416 0.002138818
POSE 75342 1488465697.391667779 0.001529490
TWIST 75342 1488465697.391673414 0.001972003
POSE 75343 1488465697.401653943 0.001541169
TWIST 75343 1488465697.401660202 0.002195476
POSE 75344 1488465697.411826933 0.001826323
TWIST 75344 1488465697.411835628 0.002250350
POSE 75345 1488465697.421672277 0.003802452
TWIST 75345 1488465697.421681125 0.004262782
TWIST 75346 1488465697.431532469 0.001711453
POSE 75346 1488465697.431525898 0.001786352
POSE 75347 1488465697.441509603 0.001686355
TWIST 75347 1488465697.441515633 0.002130213
POSE 75348 1488465697.451551135 0.002102584
TWIST 75348 1488465697.451557772 0.002561165
POSE 75349 1488465697.461505762 0.001687805
TWIST 75349 1488465697.461513474 0.002118595
POSE 75350 1488465697.471531339 0.003820833
TWIST 75350 1488465697.471537449 0.004250993
POSE 75351 1488465697.481469964 0.001746570
TWIST 75351 1488465697.481475736 0.002175452
POSE 75352 1488465697.491470578 0.002239800
TWIST 75352 1488465697.491476798 0.002666872
POSE 75353 1488465697.501413817 0.001778881
TWIST 75353 1488465697.501420271 0.002209329
POSE 75354 1488465697.511459801 0.001734515
TWIST 75354 1488465697.511465943 0.002159090
POSE 75355 1488465697.521452682 0.003939190
TWIST 75355 1488465697.521458541 0.004367389
POSE 75356 1488465697.531685230 0.002054633
TWIST 75356 1488465697.531691408 0.002487236
POSE 75357 1488465697.541457769 0.001701435
TWIST 75357 1488465697.541462942 0.002173446
POSE 75358 1488465697.551496152 0.001699589
TWIST 75358 1488465697.551502257 0.002135631
POSE 75359 1488465697.561534398 0.001666155
TWIST 75359 1488465697.561540186 0.002236541
POSE 75360 1488465697.571503799 0.005914981
TWIST 75360 1488465697.571510532 0.006651774
POSE 75361 1488465697.581463287 0.001797881
TWIST 75361 1488465697.581470713 0.002510840
POSE 75362 1488465697.591684020 0.001516424
TWIST 75362 1488465697.591690200 0.002214682
TWIST 75363 1488465697.601860452 0.001341268
POSE 75363 1488465697.601851765 0.001401659
POSE 75364 1488465697.611583836 0.002437544
TWIST 75364 1488465697.611593740 0.003125540
POSE 75365 1488465697.621584367 0.001614346
TWIST 75365 1488465697.621594193 0.002325107
POSE 75366 1488465697.631599525 0.001622175
TWIST 75366 1488465697.631614280 0.002004631
POSE 75367 1488465697.641559524 0.001667368
TWIST 75367 1488465697.641570218 0.002241251
POSE 75368 1488465697.651694124 0.002042439
TWIST 75368 1488465697.651701667 0.002620540
POSE 75369 1488465697.661593963 0.001553544
TWIST 75369 1488465697.661601067 0.002049810
POSE 75370 1488465697.671726244 0.004676053
TWIST 75370 1488465697.671740529 0.005275133
POSE 75371 1488465697.681559217 0.001683234
TWIST 75371 1488465697.681564930 0.002287651
TWIST 75372 1488465697.691732238 0.002223402
POSE 75372 1488465697.691725556 0.002278161
TWIST 75373 1488465697.701705098 0.001490023
POSE 75373 1488465697.701696103 0.001536701
TWIST 75374 1488465697.711927520 0.001265131
POSE 75374 1488465697.711917513 0.001307880
POSE 75375 1488465697.721666212 0.004483356
TWIST 75375 1488465697.721673712 0.005050400
POSE 75376 1488465697.731582540 0.002070948
TWIST 75376 1488465697.731588915 0.002459282
TWIST 75377 1488465697.741567883 0.001628435
POSE 75377 1488465697.741559155 0.001672513
POSE 75378 1488465697.751581836 0.001614082
TWIST 75378 1488465697.751595573 0.002033949
TWIST 75379 1488465697.761603472 0.001629825
POSE 75379 1488465697.761585245 0.001681849
POSE 75380 1488465697.771505504 0.004247614
TWIST 75380 1488465697.771512393 0.004678340
POSE 75381 1488465697.781504487 0.001688469
TWIST 75381 1488465697.781519651 0.002116361
POSE 75382 1488465697.791534388 0.001660178
TWIST 75382 1488465697.791541459 0.002091126
TWIST 75383 1488465697.801548381 0.004045059
POSE 75383 1488465697.801534701 0.004091040
TWIST 75384 1488465697.811519283 0.002192085
POSE 75384 1488465697.811513474 0.002234144
POSE 75385 1488465697.821511739 0.001682596
TWIST 75385 1488465697.821519629 0.002124963
POSE 75386 1488465697.831491519 0.004193635
TWIST 75386 1488465697.831499571 0.004623056
TWIST 75387 1488465697.841504032 0.001775557
POSE 75387 1488465697.841497648 0.001837026
TWIST 75388 1488465697.851482737 0.002185317
POSE 75388 1488465697.851476198 0.002225538
TWIST 75389 1488465697.861482893 0.001708699
POSE 75389 1488465697.861476658 0.001745492
POSE 75390 1488465697.871515499 0.001679383
TWIST 75390 1488465697.871523537 0.002082865
POSE 75391 1488465697.881484450 0.003938596
TWIST 75391 1488465697.881490687 0.004364704
POSE 75392 1488465697.891516136 0.002126602
TWIST 75392 1488465697.891522018 0.002523876
TWIST 75393 1488465697.901536833 0.001656126
POSE 75393 1488465697.901530403 0.001705580
POSE 75394 1488465697.911499829 0.004067709
TWIST 75394 1488465697.911507060 0.004483731
POSE 75395 1488465697.921549679 0.001664452
TWIST 75395 1488465697.921564160 0.002074272
TWIST 75396 1488465697.931488354 0.002194066
POSE 75396 1488465697.931481824 0.002236297
POSE 75397 1488465697.941539719 0.001654062
TWIST 75397 1488465697.941552550 0.002015169
TWIST 75398 1488465697.951540702 0.001664672
POSE 75398 1488465697.951533806 0.001701970
TWIST 75399 1488465697.961523225 0.003755493
POSE 75399 1488465697.961517015 0.003796706
POSE 75400 1488465697.971504065 0.002303341
TWIST 75400 1488465697.971511645 0.002777339
TWIST 75401 1488465697.981503885 0.001712510
POSE 75401 1488465697.981497849 0.001750053
POSE 75402 1488465697.991503870 0.001690631
TWIST 75402 1488465697.991510223 0.002158453
TWIST 75403 1488465698.001532843 0.001661667
POSE 75403 1488465698.001525193 0.001722311
POSE 75404 1488465698.011480039 0.002384165
TWIST 75404 1488465698.011486193 0.003067837
POSE 75405 1488465698.021485184 0.004050121
TWIST 75405 1488465698.021492168 0.004557153
POSE 75406 1488465698.031485182 0.001739671
TWIST 75406 1488465698.031491927 0.002195344
POSE 75407 1488465698.041504295 0.001727710
TWIST 75407 1488465698.041510551 0.002153756
POSE 75408 1488465698.051494835 0.002138807
TWIST 75408 1488465698.051501919 0.002610206
POSE 75409 1488465698.061464963 0.003907484
TWIST 75409 1488465698.061471737 0.004341476
POSE 75410 1488465698.071641986 0.001575851
TWIST 75410 1488465698.071648443 0.002007486
POSE 75411 1488465698.081434872 0.001758042
TWIST 75411 1488465698.081441669 0.002164793
POSE 75412 1488465698.091493242 0.002899930
TWIST 75412 1488465698.091501108 0.003885254
POSE 75413 1488465698.101463683 0.006763898
TWIST 75413 1488465698.101469768 0.007671615
POSE 75414 1488465698.111477569 0.001706620
TWIST 75414 1488465698.111484069 0.002137304
POSE 75415 1488465698.121558868 0.001635797
TWIST 75415 1488465698.121568175 0.002075747
POSE 75416 1488465698.131500633 0.002190989
TWIST 75416 1488465698.131507196 0.002664112
POSE 75417 1488465698.141483351 0.001708478
TWIST 75417 1488465698.141491576 0.002134851
POSE 75418 1488465698.151519512 0.001664720
TWIST 75418 1488465698.151526034 0.002076196
POSE 75419 1488465698.161491948 0.001703938
TWIST 75419 1488465698.161498333 0.002347747
TWIST 75420 1488465698.171506775 0.002279908
POSE 75420 1488465698.171500342 0.002343500
POSE 75421 1488465698.181473052 0.001728845
TWIST 75421 1488465698.181482984 0.002533085
POSE 75422 1488465698.191799732 0.004979581
TWIST 75422 1488465698.191809452 0.005688175
POSE 75423 1488465698.201761509 0.001390161
TWIST 75423 1488465698.201771519 0.001797015
TWIST 75424 1488465698.211784940 0.004061228
POSE 75424 1488465698.211775573 0.004105353
POSE 75425 1488465698.221817435 0.001375622
TWIST 75425 1488465698.221823961 0.001778947
POSE 75426 1488465698.231417088 0.001755482
TWIST 75426 1488465698.231424075 0.002174420
POSE 75427 1488465698.241458787 0.001735288
TWIST 75427 1488465698.241464625 0.002146783
POSE 75428 1488465698.251473304 0.002380361
TWIST 75428 1488465698.251480995 0.002975363
POSE 75429 1488465698.261484297 0.004709512
TWIST 75429 1488465698.261494136 0.005228219
POSE 75430 1488465698.271465327 0.001751901
TWIST 75430 1488465698.271472232 0.002297014
POSE 75431 1488465698.281424499 0.001804457
TWIST 75431 1488465698.281430289 0.002334906
POSE 75432 1488465698.291471813 0.002338932
TWIST 75432 1488465698.291478274 0.002759627
TWIST 75433 1488465698.301508587 0.001709944
POSE 75433 1488465698.301501962 0.001760811
POSE 75434 1488465698.311764698 0.005179831
TWIST 75434 1488465698.311780150 0.005803457
POSE 75435 1488465698.321488329 0.001710761
TWIST 75435 1488465698.321496315 0.002322312
TWIST 75436 1488465698.331519919 0.002370416
POSE 75436 1488465698.331512081 0.002429961
POSE 75437 1488465698.341607588 0.001588139
TWIST 75437 1488465698.341614257 0.001981628
POSE 75438 1488465698.351635025 0.003529168
TWIST 75438 1488465698.351662028 0.003897876
TWIST 75439 1488465698.361619760 0.001606041
POSE 75439 1488465698.361613434 0.001643638
POSE 75440 1488465698.371740902 0.002198988
TWIST 75440 1488465698.371746567 0.003024174
POSE 75441 1488465698.381720071 0.001480696
TWIST 75441 1488465698.381726686 0.002174032
TWIST 75442 1488465698.391741402 0.001511384
POSE 75442 1488465698.391735222 0.001564943
POSE 75443 1488465698.401762005 0.003268674
TWIST 75443 1488465698.401767760 0.003650808
TWIST 75444 1488465698.411845034 0.001850904
POSE 75444 1488465698.411837995 0.001895118
POSE 75445 1488465698.421487157 0.001711006
TWIST 75445 1488465698.421493716 0.002420179
POSE 75446 1488465698.431435300 0.001756611
TWIST 75446 1488465698.431441005 0.002191071
TWIST 75447 1488465698.441511961 0.001714123
POSE 75447 1488465698.441505484 0.001770437
POSE 75448 1488465698.451475086 0.002529260
TWIST 75448 1488465698.451481887 0.003205137
TWIST 75449 1488465698.461478037 0.001712089
POSE 75449 1488465698.461472177 0.001754239
POSE 75450 1488465698.471499318 0.001693339
TWIST 75450 1488465698.471505777 0.002122866
POSE 75451 1488465698.481483903 0.004092377
TWIST 75451 1488465698.481501414 0.004557602
POSE 75452 1488465698.491478489 0.002182904
TWIST 75452 1488465698.491487144 0.002629385
TWIST 75453 1488465698.501513091 0.001692246
POSE 75453 1488465698.501506052 0.001731786
POSE 75454 1488465698.511479642 0.004104199
TWIST 75454 1488465698.511486248 0.004569878
POSE 75455 1488465698.521601437 0.001592682
TWIST 75455 1488465698.521607788 0.002043875
POSE 75456 1488465698.531584067 0.002117589
TWIST 75456 1488465698.531590424 0.002545051
POSE 75457 1488465698.541510937 0.001682606
TWIST 75457 1488465698.541516938 0.002121689
POSE 75458 1488465698.551521119 0.001671609
TWIST 75458 1488465698.551526885 0.002103193
POSE 75459 1488465698.561495527 0.001697535
TWIST 75459 1488465698.561502411 0.002130658
POSE 75460 1488465698.571473629 0.002214208
TWIST 75460 1488465698.571479862 0.002671693
TWIST 75461 1488465698.581480438 0.001665993
POSE 75461 1488465698.581474684 0.001718122
POSE 75462 1488465698.591522301 0.001670708
TWIST 75462 1488465698.591528109 0.002126144
POSE 75463 1488465698.601491595 0.001703010
TWIST 75463 1488465698.601497991 0.002163091
POSE 75464 1488465698.611443569 0.002189802
TWIST 75464 1488465698.611450066 0.002647819
POSE 75465 1488465698.621461288 0.001733426
TWIST 75465 1488465698.621467704 0.002207196
POSE 75466 1488465698.631435984 0.001759028
TWIST 75466 1488465698.631443058 0.002223704
POSE 75467 1488465698.641453615 0.001740673
TWIST 75467 1488465698.641459919 0.002184852
POSE 75468 1488465698.651578098 0.002131462
TWIST 75468 1488465698.651583855 0.002609695
POSE 75469 1488465698.661426422 0.001769284
TWIST 75469 1488465698.661432200 0.002285284
POSE 75470 1488465698.671451481 0.001745296
TWIST 75470 1488465698.671458251 0.002155800
POSE 75471 1488465698.681709648 0.001495228
TWIST 75471 1488465698.681726096 0.001955041
POSE 75472 1488465698.691551707 0.002308196
TWIST 75472 1488465698.691562760 0.002734217
POSE 75473 1488465698.701462495 0.001733536
TWIST 75473 1488465698.701473998 0.002144419
POSE 75474 1488465698.711432554 0.004279099
TWIST 75474 1488465698.711441448 0.004755845
POSE 75475 1488465698.721482962 0.001711669
TWIST 75475 1488465698.721490354 0.002192110
POSE 75476 1488465698.731473627 0.002308268
TWIST 75476 1488465698.731479903 0.002830439
POSE 75477 1488465698.741739602 0.001456696
TWIST 75477 1488465698.741748064 0.001909712
TWIST 75478 1488465698.751701041 0.003772131
POSE 75478 1488465698.751694793 0.003812313
TWIST 75479 1488465698.761666615 0.001562788
POSE 75479 1488465698.761660038 0.001600012
TWIST 75480 1488465698.771697654 0.002107333
POSE 75480 1488465698.771691471 0.002163337
POSE 75481 1488465698.781607801 0.001591339
TWIST 75481 1488465698.781614717 0.002030479
TWIST 75482 1488465698.791504723 0.001692144
POSE 75482 1488465698.791496523 0.001757007
POSE 75483 1488465698.801496910 0.003986282
TWIST 75483 1488465698.801502773 0.004414871
POSE 75484 1488465698.811500248 0.002190204
TWIST 75484 1488465698.811507694 0.002611948
POSE 75485 1488465698.821497163 0.001698401
TWIST 75485 1488465698.821503861 0.002095384
POSE 75486 1488465698.831500461 0.003905910
TWIST 75486 1488465698.831508254 0.004291805
POSE 75487 1488465698.841511324 0.001684484
TWIST 75487 1488465698.841518856 0.002149889
TWIST 75488 1488465698.851500846 0.002168972
POSE 75488 1488465698.851494346 0.002220638
POSE 75489 1488465698.861502441 0.001692389
TWIST 75489 1488465698.861508609 0.002155201
POSE 75490 1488465698.871505580 0.001686931
TWIST 75490 1488465698.871512115 0.002138353
TWIST 75491 1488465698.881495425 0.003841969
POSE 75491 1488465698.881489411 0.003878493
TWIST 75492 1488465698.891505573 0.002133942
POSE 75492 1488465698.891499863 0.002171512
POSE 75493 1488465698.901496411 0.001694719
TWIST 75493 1488465698.901502477 0.002060113
TWIST 75494 1488465698.911397309 0.001795596
POSE 75494 1488465698.911391298 0.001833001
POSE 75495 1488465698.921447622 0.001747258
TWIST 75495 1488465698.921453674 0.002215661
POSE 75496 1488465698.931435744 0.004511006
TWIST 75496 1488465698.931442097 0.004969665
POSE 75497 1488465698.941455344 0.001764869
TWIST 75497 1488465698.941461014 0.002242067
POSE 75498 1488465698.951445698 0.001750529
TWIST 75498 1488465698.951451197 0.002214101
POSE 75499 1488465698.961464203 0.001731195
TWIST 75499 1488465698.961470296 0.002199676
POSE 75500 1488465698.971456053 0.004729485
TWIST 75500 1488465698.971462427 0.005154306
POSE 75501 1488465698.981464516 0.001754566
TWIST 75501 1488465698.981470218 0.002202954
POSE 75502 1488465698.991450513 0.001742891
TWIST 75502 1488465698.991456946 0.002162982
TWIST 75503 1488465699.001485919 0.001710578
POSE 75503 1488465699.001474694 0.001758459
POSE 75504 1488465699.011475736 0.004183023
TWIST 75504 1488465699.011485279 0.004571282
POSE 75505 1488465699.021506411 0.001709634
TWIST 75505 1488465699.021520960 0.002077918
POSE 75506 1488465699.031502934 0.001689795
TWIST 75506 1488465699.031512431 0.002087707
POSE 75507 1488465699.041479205 0.001717830
TWIST 75507 1488465699.041488005 0.002138536
POSE 75508 1488465699.051482863 0.004313311
TWIST 75508 1488465699.051494945 0.004730742
POSE 75509 1488465699.061668014 0.001547633
TWIST 75509 1488465699.061677735 0.001979775
TWIST 75510 1488465699.071516021 0.001695200
POSE 75510 1488465699.071510537 0.001733947
TWIST 75511 1488465699.081508720 0.001684859
POSE 75511 1488465699.081502877 0.001737264
TWIST 75512 1488465699.091477952 0.002230071
POSE 75512 1488465699.091470744 0.002276974
TWIST 75513 1488465699.101554761 0.004078998
POSE 75513 1488465699.101548842 0.004118698
POSE 75514 1488465699.111464673 0.001749911
TWIST 75514 1488465699.111471376 0.002175866
TWIST 75515 1488465699.121462751 0.001743851
POSE 75515 1488465699.121456961 0.001780857
POSE 75516 1488465699.131656817 0.002051291
TWIST 75516 1488465699.131665639 0.002489611
POSE 75517 1488465699.141895495 0.001302293
TWIST 75517 1488465699.141903066 0.001665434
POSE 75518 1488465699.151607825 0.003449081
TWIST 75518 1488465699.151615607 0.003823088
POSE 75519 1488465699.161473786 0.001744980
TWIST 75519 1488465699.161481188 0.002115732
POSE 75520 1488465699.171492614 0.002098542
TWIST 75520 1488465699.171499063 0.002481936
POSE 75521 1488465699.181483247 0.001709241
TWIST 75521 1488465699.181490132 0.002246785
POSE 75522 1488465699.191496349 0.001697002
TWIST 75522 1488465699.191502740 0.002089472
POSE 75523 1488465699.201493206 0.003871524
TWIST 75523 1488465699.201498985 0.004260724
POSE 75524 1488465699.211473879 0.002383282
TWIST 75524 1488465699.211480982 0.002968247
POSE 75525 1488465699.221438121 0.001757796
TWIST 75525 1488465699.221445045 0.002312993
POSE 75526 1488465699.231462061 0.001733040
TWIST 75526 1488465699.231469736 0.002117738
TWIST 75527 1488465699.241507108 0.001686247
POSE 75527 1488465699.241498550 0.001737617
TWIST 75528 1488465699.251520550 0.004201708
POSE 75528 1488465699.251512765 0.004251685
TWIST 75529 1488465699.261465360 0.001730139
POSE 75529 1488465699.261459161 0.001779601
POSE 75530 1488465699.271435383 0.001751227
TWIST 75530 1488465699.271443822 0.002227844
POSE 75531 1488465699.281434069 0.001762401
TWIST 75531 1488465699.281444332 0.002255513
