POSE 29098 1488465234.951517426 0.009710089
POSE 29099 1488465234.961871973 0.008903974
POSE 29100 1488465234.971563743 0.009240091
POSE 29101 1488465234.981506930 0.009299327
POSE 29102 1488465234.991464309 0.010152620
POSE 29103 1488465235.001614492 0.009192962
POSE 29104 1488465235.011475121 0.009328536
POSE 29105 1488465235.021478984 0.009342316
POSE 29106 1488465235.031476391 0.009816114
POSE 29107 1488465235.041424141 0.009379483
POSE 29108 1488465235.051475560 0.009355045
POSE 29109 1488465235.061881938 0.008927316
POSE 29110 1488465235.071864972 0.009769416
POSE 29111 1488465235.081940172 0.008853103
POSE 29112 1488465235.091767227 0.008990788
POSE 29113 1488465235.101991169 0.008831603
POSE 29114 1488465235.111811597 0.009656401
POSE 29115 1488465235.121484069 0.009325935
POSE 29116 1488465235.131468070 0.009366458
POSE 29117 1488465235.141480225 0.009332905
POSE 29118 1488465235.151731370 0.009863618
POSE 29119 1488465235.161628216 0.009173373
POSE 29120 1488465235.171426813 0.009382669
POSE 29121 1488465235.181443896 0.009362190
POSE 29122 1488465235.191477502 0.009884128
POSE 29123 1488465235.201397216 0.009407069
POSE 29124 1488465235.211467546 0.009337366
POSE 29125 1488465235.221461271 0.009363507
POSE 29126 1488465235.231476405 0.010015734
POSE 29127 1488465235.241466195 0.009371770
POSE 29128 1488465235.251609170 0.009198386
POSE 29129 1488465235.261617522 0.009227175
POSE 29130 1488465235.271599595 0.009590931
POSE 29131 1488465235.281591112 0.009231581
POSE 29132 1488465235.291568242 0.009233365
POSE 29133 1488465235.301584567 0.009236079
POSE 29134 1488465235.311521668 0.010091773
POSE 29135 1488465235.321542998 0.009275356
POSE 29136 1488465235.331495565 0.009340434
POSE 29137 1488465235.341486020 0.009355778
POSE 29138 1488465235.351533862 0.009680811
POSE 29139 1488465235.361584266 0.009220973
POSE 29140 1488465235.371490507 0.009330714
POSE 29141 1488465235.381524621 0.009277044
POSE 29142 1488465235.391474921 0.009762169
POSE 29143 1488465235.401491583 0.009332087
POSE 29144 1488465235.411492837 0.009313074
POSE 29145 1488465235.421508261 0.009315405
POSE 29146 1488465235.431507528 0.009806840
POSE 29147 1488465235.441495813 0.009311464
POSE 29148 1488465235.451499250 0.009330048
POSE 29149 1488465235.461467971 0.009360806
POSE 29151 1488465235.481618286 0.000338467
POSE 29152 1488465235.491430412 0.009358284
POSE 29153 1488465235.501454778 0.009349200
POSE 29154 1488465235.511450730 0.009854354
POSE 29155 1488465235.521483888 0.009316623
POSE 29156 1488465235.531430691 0.009389816
POSE 29157 1488465235.541506258 0.009299529
POSE 29158 1488465235.551501068 0.009814601
POSE 29159 1488465235.561525969 0.009298694
POSE 29160 1488465235.571501769 0.009271779
POSE 29161 1488465235.581473071 0.009296939
POSE 29162 1488465235.591469560 0.009808771
POSE 29163 1488465235.601497400 0.009312102
POSE 29164 1488465235.611664532 0.009151246
POSE 29165 1488465235.621575254 0.009264549
POSE 29166 1488465235.631426687 0.009942084
POSE 29167 1488465235.641503029 0.009313805
POSE 29168 1488465235.651496956 0.009310269
POSE 29169 1488465235.661474571 0.009366743
POSE 29170 1488465235.671509865 0.009857369
POSE 29171 1488465235.681543303 0.009259967
POSE 29172 1488465235.691509504 0.009296570
POSE 29173 1488465235.701414468 0.009407294
POSE 29174 1488465235.711435072 0.010378638
POSE 29175 1488465235.721473040 0.009332942
POSE 29176 1488465235.731458183 0.009304643
POSE 29177 1488465235.741448430 0.009367777
POSE 29178 1488465235.751595060 0.009681978
POSE 29179 1488465235.761620022 0.009182538
POSE 29180 1488465235.771444394 0.009357981
POSE 29181 1488465235.781449552 0.009355917
POSE 29182 1488465235.791448074 0.009821150
POSE 29183 1488465235.801474453 0.009349226
POSE 29184 1488465235.811469553 0.009336161
POSE 29185 1488465235.821480843 0.009340416
POSE 29186 1488465235.831572833 0.009637943
POSE 29187 1488465235.841533211 0.009272122
POSE 29188 1488465235.851536446 0.009283119
POSE 29189 1488465235.861498927 0.009319682
POSE 29190 1488465235.871511220 0.009735654
POSE 29191 1488465235.881502814 0.009301642
POSE 29192 1488465235.891468329 0.009337194
POSE 29193 1488465235.901436922 0.009383176
POSE 29194 1488465235.911422256 0.009793198
POSE 29195 1488465235.921468942 0.009353743
POSE 29196 1488465235.931431662 0.009341516
POSE 29197 1488465235.941429243 0.009411198
POSE 29198 1488465235.951527361 0.009780076
POSE 29199 1488465235.961657913 0.009165661
POSE 29200 1488465235.971443255 0.009357216
POSE 29201 1488465235.981423623 0.009342612
POSE 29202 1488465235.991426515 0.009832859
POSE 29203 1488465236.001486007 0.009348651
POSE 29204 1488465236.011495660 0.009309246
POSE 29205 1488465236.021481237 0.009340474
POSE 29206 1488465236.031819409 0.009371529
POSE 29207 1488465236.041696184 0.009105823
POSE 29208 1488465236.051652225 0.009171895
POSE 29209 1488465236.061884736 0.008922935
POSE 29210 1488465236.071585087 0.009694008
POSE 29211 1488465236.081677110 0.009124801
POSE 29212 1488465236.091602848 0.009198642
POSE 29213 1488465236.101907267 0.008927358
POSE 29214 1488465236.112158744 0.009126048
POSE 29215 1488465236.121980656 0.008835102
POSE 29216 1488465236.131800634 0.009003955
POSE 29217 1488465236.141787243 0.009041377
POSE 29218 1488465236.151723621 0.009723674
POSE 29219 1488465236.161643295 0.009172868
POSE 29220 1488465236.171664260 0.009142643
POSE 29221 1488465236.181435362 0.009369155
POSE 29222 1488465236.191442283 0.009847216
POSE 29223 1488465236.201506143 0.009327881
POSE 29224 1488465236.211625432 0.009205978
POSE 29225 1488465236.221482950 0.009350430
POSE 29226 1488465236.231475549 0.009789075
POSE 29227 1488465236.241433594 0.009406007
POSE 29228 1488465236.251449252 0.009362903
POSE 29229 1488465236.261437398 0.009399214
POSE 29230 1488465236.271506271 0.009999934
POSE 29231 1488465236.281495987 0.009310784
POSE 29232 1488465236.291453923 0.009376660
POSE 29233 1488465236.301456608 0.009350208
POSE 29234 1488465236.311442022 0.009887674
POSE 29235 1488465236.321465548 0.009369638
POSE 29236 1488465236.331467445 0.009359516
POSE 29237 1488465236.341861977 0.008941596
POSE 29238 1488465236.351803113 0.009555449
POSE 29239 1488465236.361505106 0.009300238
POSE 29240 1488465236.371471762 0.009331980
POSE 29241 1488465236.381527837 0.009291914
POSE 29242 1488465236.391512397 0.010256397
POSE 29243 1488465236.401466234 0.009351747
POSE 29244 1488465236.411475216 0.009384666
POSE 29245 1488465236.421441313 0.009403022
POSE 29246 1488465236.431445660 0.010221237
POSE 29247 1488465236.441453812 0.009354122
POSE 29248 1488465236.451430172 0.009382002
POSE 29249 1488465236.461441157 0.009401786
POSE 29250 1488465236.471434879 0.010054181
POSE 29251 1488465236.481466976 0.009295349
POSE 29252 1488465236.491454239 0.009379800
POSE 29253 1488465236.501439755 0.009363335
POSE 29254 1488465236.511443639 0.009941185
POSE 29255 1488465236.521468219 0.009335140
POSE 29256 1488465236.531614689 0.009208633
POSE 29257 1488465236.541637892 0.009195883
POSE 29258 1488465236.551610072 0.009600013
POSE 29259 1488465236.561575346 0.009248349
POSE 29260 1488465236.571609227 0.009212603
POSE 29261 1488465236.581610247 0.009211620
POSE 29263 1488465236.601511009 0.001661334
POSE 29264 1488465236.611488685 0.009313890
POSE 29265 1488465236.621477601 0.009344975
POSE 29266 1488465236.631488527 0.009671619
POSE 29267 1488465236.641497007 0.009330595
POSE 29268 1488465236.651489302 0.009313987
POSE 29269 1488465236.661427311 0.009393675
POSE 29270 1488465236.671436108 0.009953653
POSE 29271 1488465236.681560455 0.009243440
POSE 29272 1488465236.691516252 0.009289293
POSE 29273 1488465236.701503398 0.009300682
POSE 29274 1488465236.711499012 0.009811036
POSE 29275 1488465236.721546876 0.009287523
POSE 29276 1488465236.731506005 0.009298563
POSE 29277 1488465236.741483416 0.009320400
POSE 29278 1488465236.751491667 0.009768633
POSE 29279 1488465236.761561389 0.009260844
POSE 29280 1488465236.771704626 0.009103956
POSE 29281 1488465236.781750506 0.009058170
POSE 29282 1488465236.791497171 0.010020706
POSE 29283 1488465236.801588871 0.009216293
POSE 29284 1488465236.811599749 0.009226201
POSE 29285 1488465236.821607512 0.009217533
POSE 29286 1488465236.831723218 0.009683894
POSE 29287 1488465236.841687642 0.009136568
POSE 29288 1488465236.851590757 0.009214343
POSE 29289 1488465236.861592819 0.009211242
POSE 29290 1488465236.871566012 0.010254259
POSE 29291 1488465236.881859721 0.008963442
POSE 29292 1488465236.891803334 0.009028126
POSE 29293 1488465236.901631500 0.009192544
POSE 29294 1488465236.911674135 0.010005407
POSE 29295 1488465236.921721472 0.009082089
POSE 29296 1488465236.931454085 0.009368381
POSE 29297 1488465236.941465026 0.009357626
POSE 29298 1488465236.951740959 0.009617350
POSE 29299 1488465236.961720010 0.009084618
POSE 29300 1488465236.971712426 0.009113723
POSE 29301 1488465236.981603304 0.009211125
POSE 29302 1488465236.991608199 0.009598113
POSE 29303 1488465237.001513196 0.009309636
POSE 29304 1488465237.011468494 0.009343467
POSE 29305 1488465237.021468960 0.009336169
POSE 29306 1488465237.031472408 0.009801717
POSE 29307 1488465237.041547661 0.009264175
POSE 29308 1488465237.051463713 0.009341897
POSE 29309 1488465237.061524994 0.009282736
POSE 29310 1488465237.071475853 0.010163974
POSE 29311 1488465237.081557443 0.009272154
POSE 29312 1488465237.091488108 0.009323220
POSE 29313 1488465237.101489712 0.009341204
POSE 29314 1488465237.111483736 0.009817025
POSE 29315 1488465237.121618565 0.009186279
POSE 29316 1488465237.131484064 0.009318640
POSE 29317 1488465237.141435802 0.009367562
POSE 29318 1488465237.151638592 0.009623728
POSE 29319 1488465237.161644302 0.009177691
POSE 29320 1488465237.171931190 0.008891594
POSE 29321 1488465237.181576812 0.009228290
POSE 29322 1488465237.191535495 0.009741542
POSE 29323 1488465237.201514238 0.009288780
POSE 29324 1488465237.211499821 0.009337621
POSE 29325 1488465237.221722725 0.009081854
POSE 29326 1488465237.231463006 0.009804589
POSE 29327 1488465237.241493359 0.009315163
POSE 29328 1488465237.251531448 0.009274303
POSE 29330 1488465237.271490038 0.001373442
POSE 29331 1488465237.281526695 0.009286248
POSE 29332 1488465237.291590180 0.009250356
POSE 29333 1488465237.301472780 0.009336252
POSE 29334 1488465237.311463143 0.010041470
POSE 29335 1488465237.321474271 0.009332181
POSE 29336 1488465237.331478991 0.009328436
POSE 29337 1488465237.341648441 0.009185410
POSE 29338 1488465237.351435318 0.010042157
POSE 29339 1488465237.361490619 0.009312916
POSE 29340 1488465237.371484842 0.009348692
POSE 29341 1488465237.381480815 0.009329468
POSE 29342 1488465237.391473873 0.009904556
POSE 29343 1488465237.401526018 0.009277844
POSE 29344 1488465237.411478585 0.009330071
POSE 29345 1488465237.421496135 0.009310104
POSE 29346 1488465237.431469671 0.010022085
POSE 29347 1488465237.441725124 0.009081163
POSE 29348 1488465237.451607882 0.009197777
POSE 29349 1488465237.461633726 0.009191964
POSE 29350 1488465237.471621652 0.010110243
POSE 29351 1488465237.481713004 0.009090979
POSE 29352 1488465237.491590153 0.009213918
POSE 29353 1488465237.501586363 0.009218769
POSE 29354 1488465237.511568480 0.009881159
POSE 29355 1488465237.521712002 0.009092228
POSE 29356 1488465237.531681778 0.009121438
POSE 29357 1488465237.541592667 0.009219361
POSE 29358 1488465237.551634324 0.009675759
POSE 29359 1488465237.561653209 0.009147038
POSE 29360 1488465237.571970301 0.008860149
POSE 29361 1488465237.581670347 0.009154630
POSE 29362 1488465237.591439952 0.009888155
POSE 29363 1488465237.601505296 0.009297492
POSE 29364 1488465237.611495255 0.009308827
POSE 29365 1488465237.621516921 0.009288278
POSE 29366 1488465237.631452760 0.010044155
POSE 29367 1488465237.641467173 0.009334306
POSE 29368 1488465237.651472156 0.009351897
POSE 29369 1488465237.661487581 0.009344068
POSE 29370 1488465237.671471456 0.010211580
POSE 29371 1488465237.681607686 0.009196140
POSE 29372 1488465237.691554561 0.009270929
POSE 29373 1488465237.701528813 0.009293070
POSE 29374 1488465237.711489647 0.009821380
POSE 29375 1488465237.721562628 0.009241876
POSE 29376 1488465237.731495656 0.009315727
POSE 29377 1488465237.741528678 0.009294946
POSE 29378 1488465237.751584076 0.009710566
POSE 29379 1488465237.761583993 0.009226095
POSE 29380 1488465237.771526896 0.009294251
POSE 29381 1488465237.781501982 0.009304790
POSE 29382 1488465237.791488870 0.009865858
POSE 29383 1488465237.801484255 0.009320349
POSE 29384 1488465237.811484172 0.009322736
POSE 29385 1488465237.821487950 0.009340083
POSE 29386 1488465237.831477316 0.009854744
POSE 29387 1488465237.841636498 0.009174755
POSE 29388 1488465237.851466292 0.009338367
POSE 29389 1488465237.861430926 0.009415609
POSE 29390 1488465237.871471597 0.009839072
POSE 29391 1488465237.881503561 0.009298403
POSE 29392 1488465237.891471817 0.009339257
POSE 29393 1488465237.901504192 0.009308569
POSE 29395 1488465237.921507674 0.002037603
POSE 29396 1488465237.931463816 0.009350157
POSE 29397 1488465237.941444659 0.009372813
POSE 29398 1488465237.951508644 0.009753419
POSE 29399 1488465237.961504607 0.009296503
POSE 29400 1488465237.971486068 0.009317202
POSE 29401 1488465237.981423650 0.009384184
POSE 29402 1488465237.991505408 0.009792718
POSE 29403 1488465238.001436347 0.009372634
POSE 29404 1488465238.011417434 0.009394336
POSE 29405 1488465238.021430443 0.009410111
POSE 29406 1488465238.031432093 0.010487945
POSE 29407 1488465238.041774825 0.009039109
POSE 29408 1488465238.051971693 0.008842236
POSE 29409 1488465238.061954656 0.008864406
POSE 29410 1488465238.071930676 0.009937590
POSE 29411 1488465238.081907696 0.008904668
POSE 29412 1488465238.091824717 0.009000513
POSE 29413 1488465238.101698820 0.009142998
POSE 29415 1488465238.121584997 0.000365584
POSE 29416 1488465238.131576709 0.009236825
POSE 29417 1488465238.141523292 0.009302573
POSE 29418 1488465238.151534857 0.010031347
POSE 29419 1488465238.161513758 0.009297782
POSE 29420 1488465238.171493430 0.009311629
POSE 29421 1488465238.181479035 0.009331652
POSE 29422 1488465238.191469066 0.010250977
POSE 29423 1488465238.201499797 0.009307751
POSE 29424 1488465238.211678795 0.009126083
POSE 29425 1488465238.221677351 0.009158292
POSE 29426 1488465238.231420205 0.010398342
POSE 29427 1488465238.241984011 0.008824492
POSE 29428 1488465238.251464884 0.009345020
POSE 29429 1488465238.261428481 0.009428764
POSE 29430 1488465238.271441110 0.010077328
POSE 29431 1488465238.281449009 0.009367192
POSE 29432 1488465238.291434839 0.009385074
POSE 29433 1488465238.301460932 0.009375377
POSE 29435 1488465238.321439588 0.000659920
POSE 29436 1488465238.331435052 0.009376658
POSE 29437 1488465238.341466698 0.009359488
POSE 29438 1488465238.351888731 0.009921046
POSE 29439 1488465238.361907168 0.008899448
POSE 29440 1488465238.371802247 0.009010157
POSE 29441 1488465238.381455136 0.009352163
POSE 29442 1488465238.391568203 0.010174053
POSE 29443 1488465238.401574588 0.009228519
POSE 29445 1488465238.421439573 0.001339858
POSE 29446 1488465238.431456498 0.009762707
POSE 29447 1488465238.441612215 0.009191187
POSE 29448 1488465238.451485108 0.009337997
POSE 29449 1488465238.461472450 0.009347844
POSE 29450 1488465238.471463570 0.009834646
POSE 29451 1488465238.481484950 0.009344023
POSE 29452 1488465238.491477664 0.009329154
POSE 29453 1488465238.501478441 0.009328498
POSE 29454 1488465238.511491184 0.009753681
POSE 29455 1488465238.521485124 0.009316235
POSE 29456 1488465238.531486736 0.009315308
POSE 29457 1488465238.541700992 0.009120538
POSE 29458 1488465238.551587116 0.009775235
POSE 29459 1488465238.561611437 0.009194315
POSE 29460 1488465238.571490865 0.009318769
POSE 29461 1488465238.581495579 0.009309521
POSE 29462 1488465238.591490672 0.009828593
POSE 29463 1488465238.601500104 0.009302543
POSE 29464 1488465238.611485456 0.009318768
POSE 29465 1488465238.621489431 0.009332708
POSE 29466 1488465238.631469232 0.009887429
POSE 29467 1488465238.641486746 0.009315490
POSE 29468 1488465238.651461096 0.009341576
POSE 29469 1488465238.661478300 0.009325074
POSE 29470 1488465238.671475115 0.009911497
POSE 29471 1488465238.681454095 0.009346960
POSE 29472 1488465238.691422101 0.009399775
POSE 29473 1488465238.701432146 0.009390530
POSE 29474 1488465238.711484531 0.009921354
POSE 29475 1488465238.721474754 0.009350041
POSE 29476 1488465238.731493979 0.009344869
POSE 29477 1488465238.741525098 0.009264210
POSE 29478 1488465238.751514685 0.009768324
POSE 29479 1488465238.761754380 0.009047552
POSE 29480 1488465238.771712160 0.009102519
POSE 29481 1488465238.781537071 0.009265515
POSE 29482 1488465238.791714008 0.009735161
POSE 29483 1488465238.801744237 0.009069047
POSE 29484 1488465238.811560886 0.009243548
POSE 29485 1488465238.821548974 0.009252978
POSE 29486 1488465238.831441843 0.010088686
POSE 29487 1488465238.841493911 0.009309851
POSE 29488 1488465238.851740949 0.009061724
POSE 29489 1488465238.861406675 0.009398538
POSE 29490 1488465238.871443608 0.009782481
POSE 29491 1488465238.881479735 0.009350130
POSE 29492 1488465238.891631771 0.009200047
POSE 29493 1488465238.901463338 0.009378819
POSE 29494 1488465238.911447844 0.009892641
POSE 29495 1488465238.921466669 0.009334814
POSE 29496 1488465238.931434079 0.009370007
POSE 29497 1488465238.941436193 0.009368545
POSE 29498 1488465238.951443437 0.009867814
POSE 29499 1488465238.961446686 0.009377945
POSE 29500 1488465238.971441051 0.009362000
POSE 29501 1488465238.981431509 0.009365184
POSE 29502 1488465238.991623010 0.009567204
POSE 29503 1488465239.001655498 0.009165845
POSE 29505 1488465239.021544662 0.001196922
POSE 29506 1488465239.031539514 0.009656302
POSE 29507 1488465239.041553543 0.009249657
POSE 29508 1488465239.051689379 0.009128429
POSE 29509 1488465239.061482099 0.009319126
POSE 29510 1488465239.071464226 0.009831537
POSE 29511 1488465239.081507666 0.009275169
POSE 29512 1488465239.091479662 0.009322779
POSE 29513 1488465239.101523287 0.009281103
POSE 29514 1488465239.111569626 0.009697612
POSE 29515 1488465239.121571431 0.009253958
POSE 29516 1488465239.131511536 0.009293812
POSE 29517 1488465239.141823892 0.009000272
POSE 29518 1488465239.151613185 0.009666225
POSE 29519 1488465239.161535537 0.009290562
POSE 29520 1488465239.171725829 0.009096232
POSE 29521 1488465239.181598331 0.009220842
POSE 29522 1488465239.191616352 0.009665968
POSE 29523 1488465239.201516706 0.009305974
POSE 29525 1488465239.221487982 0.001592203
POSE 29526 1488465239.231528735 0.009703305
POSE 29527 1488465239.241518660 0.009284101
POSE 29528 1488465239.251494479 0.009327659
POSE 29529 1488465239.261478647 0.009367325
POSE 29530 1488465239.271474983 0.009802177
POSE 29531 1488465239.281495520 0.009334500
POSE 29532 1488465239.291484232 0.009321370
POSE 29533 1488465239.301462064 0.009365043
POSE 29534 1488465239.311477932 0.010056039
POSE 29535 1488465239.321745656 0.009085205
POSE 29536 1488465239.331468996 0.009355295
POSE 29537 1488465239.341481493 0.009338345
POSE 29538 1488465239.351478230 0.009968313
POSE 29539 1488465239.361432574 0.009371316
POSE 29540 1488465239.371435047 0.009339155
POSE 29541 1488465239.381469993 0.009359272
POSE 29542 1488465239.391427452 0.010342814
POSE 29543 1488465239.401665951 0.009142685
POSE 29544 1488465239.411434650 0.009367758
POSE 29545 1488465239.421444135 0.009353892
POSE 29546 1488465239.431435307 0.009895541
POSE 29547 1488465239.441446152 0.009357920
POSE 29548 1488465239.451435922 0.009388734
POSE 29549 1488465239.461475903 0.009339208
POSE 29550 1488465239.471445168 0.009921495
POSE 29551 1488465239.481599055 0.009207481
POSE 29552 1488465239.491388964 0.009415691
POSE 29553 1488465239.501685394 0.009122507
POSE 29554 1488465239.511466131 0.009797419
POSE 29555 1488465239.521504126 0.009299262
POSE 29556 1488465239.531489593 0.009319741
POSE 29557 1488465239.541492431 0.009338981
POSE 29558 1488465239.551452938 0.009813443
POSE 29559 1488465239.561482106 0.009348492
POSE 29560 1488465239.571498679 0.009307352
POSE 29561 1488465239.581487125 0.009318265
POSE 29562 1488465239.591467118 0.009799660
POSE 29563 1488465239.601498826 0.009304477
POSE 29564 1488465239.611471005 0.009335878
POSE 29565 1488465239.621480840 0.009323219
POSE 29566 1488465239.631474926 0.009854563
POSE 29567 1488465239.641544501 0.009260280
POSE 29568 1488465239.651497071 0.009335089
POSE 29569 1488465239.661508629 0.009299572
POSE 29570 1488465239.671759875 0.009689640
POSE 29571 1488465239.681481539 0.009318158
POSE 29572 1488465239.691477709 0.009329403
POSE 29573 1488465239.701655117 0.009162123
POSE 29574 1488465239.711512156 0.009739550
POSE 29575 1488465239.721477835 0.009296773
POSE 29576 1488465239.731469248 0.009337794
POSE 29577 1488465239.741480084 0.009325002
POSE 29578 1488465239.751525145 0.009785049
POSE 29579 1488465239.761519882 0.009284841
POSE 29580 1488465239.771469911 0.009333317
POSE 29581 1488465239.781474349 0.009327616
POSE 29582 1488465239.791520046 0.009753836
POSE 29583 1488465239.801515745 0.009306711
POSE 29584 1488465239.811477542 0.009354486
POSE 29585 1488465239.821482482 0.009358121
POSE 29586 1488465239.831486128 0.009745213
POSE 29587 1488465239.841509529 0.009332278
POSE 29588 1488465239.851492691 0.009346432
POSE 29589 1488465239.861482020 0.009349731
POSE 29590 1488465239.871477961 0.009935333
POSE 29591 1488465239.881469666 0.009337762
POSE 29592 1488465239.891475269 0.009353353
POSE 29593 1488465239.901493159 0.009332705
POSE 29594 1488465239.911467395 0.009982647
POSE 29595 1488465239.921486058 0.009345491
POSE 29596 1488465239.931474456 0.009314460
POSE 29597 1488465239.941474929 0.009354249
POSE 29598 1488465239.951491728 0.009781595
POSE 29599 1488465239.961496480 0.009305774
POSE 29600 1488465239.971500537 0.009295423
POSE 29601 1488465239.981464605 0.009339179
POSE 29602 1488465239.991471065 0.009806550
POSE 29603 1488465240.001450705 0.009351320
POSE 29604 1488465240.011438721 0.009394828
POSE 29605 1488465240.021428394 0.009403571
POSE 29606 1488465240.032038493 0.009172719
POSE 29607 1488465240.042011629 0.008789352
POSE 29608 1488465240.051511692 0.009293850
POSE 29609 1488465240.061609990 0.009209985
POSE 29610 1488465240.071536494 0.009686899
POSE 29611 1488465240.081534266 0.009289810
POSE 29612 1488465240.091860736 0.008962473
POSE 29613 1488465240.101722539 0.009109374
POSE 29614 1488465240.111704399 0.009850115
POSE 29615 1488465240.121477682 0.009330787
POSE 29616 1488465240.131470773 0.009337339
POSE 29617 1488465240.141491927 0.009321753
POSE 29618 1488465240.151774188 0.010116407
POSE 29619 1488465240.161599812 0.009206073
POSE 29620 1488465240.171502359 0.009319907
POSE 29621 1488465240.181502482 0.009300666
POSE 29622 1488465240.191465367 0.009833677
POSE 29623 1488465240.201484391 0.009319139
POSE 29624 1488465240.211491061 0.009312171
POSE 29625 1488465240.221476417 0.009328905
POSE 29626 1488465240.231485586 0.009830052
POSE 29627 1488465240.241498122 0.009307342
POSE 29628 1488465240.251464401 0.009339394
POSE 29629 1488465240.261474968 0.009381512
POSE 29630 1488465240.271544158 0.009820275
POSE 29631 1488465240.281527552 0.009276938
POSE 29632 1488465240.291481803 0.009372678
POSE 29633 1488465240.301485220 0.009353959
POSE 29634 1488465240.311509830 0.009954242
POSE 29635 1488465240.321516136 0.009288367
POSE 29636 1488465240.331483539 0.009321669
POSE 29637 1488465240.341493622 0.009334853
POSE 29638 1488465240.351471253 0.009831461
POSE 29639 1488465240.361498621 0.009311556
POSE 29640 1488465240.371507451 0.009300247
POSE 29641 1488465240.381493132 0.009337472
POSE 29642 1488465240.391465577 0.009802849
POSE 29643 1488465240.401505302 0.009303100
POSE 29644 1488465240.411466351 0.009336685
POSE 29645 1488465240.421451699 0.009350285
POSE 29646 1488465240.431495181 0.009800887
POSE 29647 1488465240.441467619 0.009338217
POSE 29648 1488465240.451431744 0.009377552
POSE 29649 1488465240.461464452 0.009363925
POSE 29650 1488465240.471432869 0.009897259
POSE 29651 1488465240.481483372 0.009318772
POSE 29652 1488465240.491436713 0.009371235
POSE 29653 1488465240.501604053 0.009201638
POSE 29654 1488465240.511528508 0.009870124
POSE 29655 1488465240.521721390 0.009101957
POSE 29656 1488465240.531575950 0.009248624
POSE 29657 1488465240.541626237 0.009185953
POSE 29658 1488465240.551526356 0.009747803
POSE 29659 1488465240.561523098 0.009307286
POSE 29660 1488465240.571483111 0.009341354
POSE 29661 1488465240.581480129 0.009341760
POSE 29662 1488465240.591510671 0.009783942
POSE 29663 1488465240.601512167 0.009294238
POSE 29664 1488465240.611563011 0.009257625
POSE 29665 1488465240.621542905 0.009282775
POSE 29666 1488465240.631503049 0.009917434
POSE 29668 1488465240.651501877 0.001890889
POSE 29669 1488465240.661513597 0.009294553
POSE 29670 1488465240.671508246 0.009804651
POSE 29671 1488465240.681533177 0.009298848
POSE 29672 1488465240.691521263 0.009303405
POSE 29673 1488465240.701467141 0.009355211
POSE 29675 1488465240.721499219 0.001842419
POSE 29676 1488465240.731473743 0.009336274
POSE 29677 1488465240.741541191 0.009265955
POSE 29678 1488465240.751481265 0.009847950
POSE 29679 1488465240.761600274 0.009222108
POSE 29680 1488465240.771498451 0.009306774
POSE 29681 1488465240.781485426 0.009319190
POSE 29682 1488465240.791495931 0.009905346
POSE 29683 1488465240.801572890 0.009220842
POSE 29684 1488465240.811505167 0.009299207
POSE 29685 1488465240.821455864 0.009368124
POSE 29686 1488465240.831482218 0.009859452
POSE 29687 1488465240.841413873 0.009410103
POSE 29688 1488465240.851443449 0.009391617
POSE 29689 1488465240.861496023 0.009365434
POSE 29690 1488465240.871416825 0.010233348
POSE 29691 1488465240.881458490 0.009374164
POSE 29692 1488465240.891476289 0.009349841
POSE 29693 1488465240.901444001 0.009372181
POSE 29694 1488465240.911454652 0.010506831
POSE 29695 1488465240.921739736 0.009063996
POSE 29696 1488465240.931674716 0.009128883
POSE 29697 1488465240.941728928 0.009078097
POSE 29698 1488465240.951717677 0.009528951
POSE 29699 1488465240.961554335 0.009248600
POSE 29700 1488465240.971528947 0.009293556
POSE 29701 1488465240.981456777 0.009355654
POSE 29702 1488465240.991435358 0.009873558
POSE 29703 1488465241.001782939 0.009002564
POSE 29704 1488465241.011693297 0.009129865
POSE 29705 1488465241.021686657 0.009141671
POSE 29706 1488465241.031680696 0.009623776
POSE 29707 1488465241.041656479 0.009160153
POSE 29709 1488465241.061521418 0.003757087
POSE 29710 1488465241.071525445 0.009763909
POSE 29711 1488465241.081563823 0.009238851
POSE 29712 1488465241.091493552 0.009295010
POSE 29713 1488465241.101485910 0.009315637
POSE 29714 1488465241.111468661 0.009800552
POSE 29715 1488465241.121534654 0.009286792
POSE 29716 1488465241.131466296 0.009300943
POSE 29717 1488465241.141487913 0.009336929
POSE 29718 1488465241.151523620 0.009912520
POSE 29719 1488465241.161544044 0.009303148
POSE 29720 1488465241.171541357 0.009260043
POSE 29721 1488465241.181537333 0.009268246
POSE 29722 1488465241.191506814 0.009924957
POSE 29723 1488465241.201518721 0.009306505
POSE 29724 1488465241.211485733 0.009318290
POSE 29725 1488465241.221546475 0.009257161
POSE 29726 1488465241.231478693 0.009855130
POSE 29727 1488465241.241528339 0.009309808
POSE 29728 1488465241.251474988 0.009323584
POSE 29729 1488465241.261470415 0.009332345
POSE 29730 1488465241.271485562 0.009805646
POSE 29731 1488465241.281487481 0.009313860
POSE 29732 1488465241.291583370 0.009218564
POSE 29733 1488465241.301483015 0.009319104
POSE 29734 1488465241.311523603 0.009720032
POSE 29735 1488465241.321508963 0.009311661
POSE 29736 1488465241.331459078 0.009343078
POSE 29737 1488465241.341478214 0.009328430
POSE 29739 1488465241.361493299 0.000596810
POSE 29740 1488465241.371481348 0.009327396
POSE 29741 1488465241.381475706 0.009327847
POSE 29742 1488465241.391491169 0.009862443
POSE 29743 1488465241.401524742 0.009279361
POSE 29744 1488465241.411478308 0.009338129
POSE 29745 1488465241.421491645 0.009316210
POSE 29746 1488465241.431481404 0.009769589
POSE 29747 1488465241.441469156 0.009299753
POSE 29748 1488465241.451445128 0.009362213
POSE 29749 1488465241.461775743 0.009058490
POSE 29750 1488465241.471466091 0.009877469
POSE 29751 1488465241.481477257 0.009327634
POSE 29752 1488465241.491502480 0.009300893
POSE 29753 1488465241.501481009 0.009323107
POSE 29754 1488465241.511470236 0.010089760
POSE 29755 1488465241.521476997 0.009344327
POSE 29756 1488465241.531474511 0.009328410
POSE 29758 1488465241.551503973 0.001292742
POSE 29759 1488465241.561494486 0.009310833
POSE 29760 1488465241.571635792 0.009179216
POSE 29761 1488465241.581453747 0.009352005
POSE 29762 1488465241.591856173 0.009629667
POSE 29763 1488465241.601557714 0.009265627
POSE 29764 1488465241.611530180 0.009275354
POSE 29765 1488465241.621513191 0.009289245
POSE 29766 1488465241.631487643 0.009764359
POSE 29767 1488465241.641526730 0.009323289
POSE 29768 1488465241.651476546 0.009359432
POSE 29769 1488465241.661507393 0.009323413
POSE 29770 1488465241.671523407 0.009686715
POSE 29771 1488465241.681485201 0.009321996
POSE 29772 1488465241.691452703 0.009353808
POSE 29773 1488465241.701488534 0.009313897
POSE 29774 1488465241.711481446 0.009747403
POSE 29775 1488465241.721499473 0.009311417
POSE 29776 1488465241.731498964 0.009308337
POSE 29777 1488465241.741734767 0.009067765
POSE 29778 1488465241.751706218 0.009544782
POSE 29779 1488465241.761708250 0.009121638
POSE 29780 1488465241.771661035 0.009162256
POSE 29781 1488465241.781468326 0.009335371
POSE 29782 1488465241.791436340 0.010056945
POSE 29783 1488465241.801468009 0.009355220
POSE 29784 1488465241.811424677 0.009397933
POSE 29785 1488465241.821435752 0.009385094
POSE 29786 1488465241.831442350 0.009930710
POSE 29787 1488465241.841491857 0.009314184
POSE 29788 1488465241.851484553 0.009319560
POSE 29789 1488465241.861498070 0.009309067
POSE 29790 1488465241.871469480 0.009839899
POSE 29791 1488465241.881502783 0.009300038
POSE 29792 1488465241.891501682 0.009300307
POSE 29793 1488465241.901479870 0.009321058
POSE 29794 1488465241.911482374 0.010051908
POSE 29795 1488465241.921548274 0.009270027
POSE 29796 1488465241.931483519 0.009350006
POSE 29797 1488465241.941488302 0.009362096
POSE 29798 1488465241.951472774 0.010240836
POSE 29799 1488465241.961505610 0.009319451
POSE 29800 1488465241.971446457 0.009367054
POSE 29801 1488465241.981436488 0.009397748
POSE 29802 1488465241.991422425 0.010423765
POSE 29803 1488465242.001630224 0.009193532
POSE 29804 1488465242.011680683 0.009109484
POSE 29805 1488465242.021483521 0.009325917
POSE 29806 1488465242.031465330 0.009979921
POSE 29807 1488465242.041495493 0.009306446
POSE 29808 1488465242.051780967 0.009022173
POSE 29809 1488465242.061491772 0.009329619
POSE 29810 1488465242.071503793 0.009819409
POSE 29811 1488465242.081521346 0.009285579
POSE 29812 1488465242.091589987 0.009249460
POSE 29813 1488465242.101750112 0.009068406
POSE 29814 1488465242.111501395 0.010135662
POSE 29815 1488465242.121510459 0.009297142
POSE 29816 1488465242.131490077 0.009321297
POSE 29817 1488465242.141509740 0.009314708
POSE 29818 1488465242.151495844 0.009904631
POSE 29819 1488465242.161536922 0.009268444
POSE 29820 1488465242.171492033 0.009330507
POSE 29821 1488465242.181488741 0.009380639
POSE 29822 1488465242.191488568 0.009867333
POSE 29823 1488465242.201493889 0.009314345
POSE 29824 1488465242.211642948 0.009159585
POSE 29825 1488465242.221474095 0.009332454
POSE 29826 1488465242.231446373 0.009843850
POSE 29827 1488465242.241568208 0.009235521
POSE 29828 1488465242.251458027 0.009345175
POSE 29829 1488465242.261426565 0.009407324
POSE 29830 1488465242.271480865 0.009882347
POSE 29831 1488465242.281509723 0.009319454
POSE 29832 1488465242.291392065 0.009413919
POSE 29833 1488465242.301451709 0.009370291
POSE 29834 1488465242.311549003 0.010219406
POSE 29835 1488465242.321506534 0.009317719
POSE 29836 1488465242.331443642 0.009362630
POSE 29837 1488465242.341454867 0.009357905
POSE 29838 1488465242.351476742 0.009802809
POSE 29839 1488465242.361489609 0.009312756
POSE 29840 1488465242.371476295 0.009328599
POSE 29841 1488465242.381478096 0.009341074
POSE 29842 1488465242.391733900 0.009484411
POSE 29843 1488465242.401726314 0.009103879
POSE 29844 1488465242.411670760 0.009138042
POSE 29845 1488465242.421678036 0.009128447
POSE 29846 1488465242.431668149 0.009818336
POSE 29847 1488465242.441666740 0.009137437
POSE 29848 1488465242.451691422 0.009114128
POSE 29849 1488465242.461485002 0.009344868
POSE 29850 1488465242.471502147 0.009851046
POSE 29851 1488465242.481783433 0.009023117
POSE 29852 1488465242.491771317 0.009072881
POSE 29853 1488465242.501774989 0.009057394
POSE 29854 1488465242.511793580 0.009700808
POSE 29855 1488465242.521806831 0.009004559
POSE 29856 1488465242.531483966 0.009324155
POSE 29857 1488465242.541465250 0.009335610
POSE 29858 1488465242.551476386 0.009936784
POSE 29859 1488465242.561566657 0.009236645
POSE 29860 1488465242.571499293 0.009321472
POSE 29861 1488465242.581479237 0.009325004
POSE 29862 1488465242.591574566 0.009804570
POSE 29863 1488465242.601634849 0.009168216
POSE 29864 1488465242.611566570 0.009236868
POSE 29865 1488465242.621530590 0.009272866
POSE 29866 1488465242.631527934 0.009974968
POSE 29867 1488465242.641545001 0.009256293
POSE 29868 1488465242.651526221 0.009278827
POSE 29869 1488465242.661538491 0.009265006
POSE 29870 1488465242.671496540 0.010021256
POSE 29871 1488465242.681591083 0.009210353
POSE 29872 1488465242.691507440 0.009295765
POSE 29873 1488465242.701494347 0.009307654
POSE 29874 1488465242.711486210 0.010003421
POSE 29875 1488465242.721461818 0.009338851
POSE 29876 1488465242.731541243 0.009269035
POSE 29877 1488465242.741869869 0.008936897
POSE 29878 1488465242.751799651 0.009601933
POSE 29879 1488465242.761506601 0.009297090
POSE 29880 1488465242.771479698 0.009323713
POSE 29881 1488465242.781477648 0.009327910
POSE 29882 1488465242.791485382 0.010028965
POSE 29883 1488465242.801479076 0.009322203
POSE 29884 1488465242.811472624 0.009331123
POSE 29885 1488465242.821480943 0.009323592
POSE 29886 1488465242.831484465 0.010024394
POSE 29887 1488465242.841500714 0.009299471
POSE 29888 1488465242.851495531 0.009307411
POSE 29889 1488465242.861495630 0.009308873
POSE 29890 1488465242.871488710 0.010032249
POSE 29891 1488465242.881511547 0.009289132
POSE 29892 1488465242.891553993 0.009249088
POSE 29893 1488465242.901510028 0.009293124
POSE 29894 1488465242.911518279 0.009922016
POSE 29895 1488465242.921517435 0.009285772
POSE 29896 1488465242.931513564 0.009288332
POSE 29897 1488465242.941481801 0.009323150
POSE 29898 1488465242.951470965 0.010085665
POSE 29899 1488465242.961497892 0.009303335
POSE 29900 1488465242.971509223 0.009293525
POSE 29901 1488465242.981533887 0.009270435
POSE 29902 1488465242.991517019 0.009996589
POSE 29903 1488465243.001533886 0.009267187
POSE 29904 1488465243.011519815 0.009281048
POSE 29905 1488465243.021499806 0.009305167
POSE 29906 1488465243.031498693 0.009944426
POSE 29907 1488465243.041475478 0.009345800
POSE 29908 1488465243.051464327 0.009359677
POSE 29909 1488465243.061460800 0.009343087
POSE 29910 1488465243.071463156 0.009774130
POSE 29911 1488465243.081759760 0.009047749
POSE 29912 1488465243.091449197 0.009365040
POSE 29913 1488465243.101569063 0.009234772
POSE 29914 1488465243.111482676 0.009893497
POSE 29915 1488465243.121516185 0.009287107
POSE 29916 1488465243.131505402 0.009300823
POSE 29917 1488465243.141505704 0.009319049
POSE 29918 1488465243.151503931 0.009843201
POSE 29919 1488465243.161426605 0.009377897
POSE 29920 1488465243.171430336 0.009394101
POSE 29921 1488465243.181487344 0.009338446
POSE 29922 1488465243.191771149 0.009805474
POSE 29923 1488465243.201777101 0.009044605
POSE 29924 1488465243.211484837 0.009358384
POSE 29925 1488465243.221517664 0.009288004
POSE 29926 1488465243.231493969 0.009821725
POSE 29927 1488465243.241534205 0.009270610
POSE 29928 1488465243.251503149 0.009334632
POSE 29929 1488465243.261813492 0.008995725
POSE 29930 1488465243.271830304 0.009719595
POSE 29931 1488465243.281758658 0.009051334
POSE 29932 1488465243.291672610 0.009139968
POSE 29933 1488465243.301604061 0.009200589
POSE 29934 1488465243.311576674 0.009858310
POSE 29935 1488465243.321501809 0.009302149
POSE 29936 1488465243.331475874 0.009327982
POSE 29937 1488465243.341464275 0.009360127
POSE 29938 1488465243.351709974 0.009610663
POSE 29940 1488465243.371487252 0.001482989
POSE 29941 1488465243.381499649 0.009303825
POSE 29942 1488465243.391479838 0.009859746
POSE 29943 1488465243.401580036 0.009231637
POSE 29944 1488465243.411502301 0.009346672
POSE 29945 1488465243.421486116 0.009321931
POSE 29946 1488465243.431503405 0.010257482
POSE 29947 1488465243.441505796 0.009263490
POSE 29948 1488465243.451542853 0.009281698
POSE 29949 1488465243.461735280 0.009090815
POSE 29950 1488465243.471611510 0.009814309
POSE 29951 1488465243.481687275 0.009142523
POSE 29952 1488465243.491592730 0.009212516
POSE 29953 1488465243.501699214 0.009124058
POSE 29954 1488465243.511583262 0.009705561
POSE 29955 1488465243.521524023 0.009280746
POSE 29956 1488465243.531499865 0.009303306
POSE 29957 1488465243.541515612 0.009289745
POSE 29958 1488465243.551521184 0.009785521
POSE 29959 1488465243.561540182 0.009264966
POSE 29960 1488465243.571475915 0.009327436
POSE 29961 1488465243.581504491 0.009308860
POSE 29962 1488465243.591585437 0.009799098
POSE 29963 1488465243.601711952 0.009096088
POSE 29964 1488465243.611705513 0.009100595
POSE 29965 1488465243.621470890 0.009331538
POSE 29966 1488465243.631473162 0.009774813
POSE 29967 1488465243.641479388 0.009333298
POSE 29968 1488465243.651508301 0.009320226
POSE 29969 1488465243.661480939 0.009328603
POSE 29970 1488465243.671545350 0.010062841
POSE 29971 1488465243.681486899 0.009340773
POSE 29972 1488465243.691479976 0.009349412
POSE 29973 1488465243.701501843 0.009306321
POSE 29974 1488465243.711485028 0.009789934
POSE 29975 1488465243.721503868 0.009255923
POSE 29976 1488465243.731501733 0.009340714
POSE 29977 1488465243.741622280 0.009199892
POSE 29978 1488465243.751631278 0.009938016
POSE 29979 1488465243.761519293 0.009292230
POSE 29980 1488465243.771470219 0.009341439
POSE 29981 1488465243.781458053 0.009348228
POSE 29982 1488465243.791522806 0.009798640
POSE 29983 1488465243.801503047 0.009299095
POSE 29984 1488465243.811493629 0.009314618
POSE 29985 1488465243.821513713 0.009316213
POSE 29986 1488465243.831438336 0.009863094
POSE 29987 1488465243.841732298 0.009084599
POSE 29988 1488465243.851621254 0.009184413
POSE 29989 1488465243.861608365 0.009217312
POSE 29990 1488465243.871470049 0.010116267
POSE 29991 1488465243.881480256 0.009323642
POSE 29992 1488465243.891471661 0.009330092
POSE 29993 1488465243.901488949 0.009315248
POSE 29995 1488465243.921515837 0.001750061
POSE 29996 1488465243.931765255 0.009066659
POSE 29997 1488465243.941708056 0.009099564
POSE 29999 1488465243.961493753 0.001894952
POSE 30000 1488465243.971474315 0.009350529
POSE 30001 1488465243.981484965 0.009320468
POSE 30002 1488465243.991463196 0.009874759
POSE 30003 1488465244.001498219 0.009315409
POSE 30004 1488465244.011488096 0.009329365
POSE 30005 1488465244.021474864 0.009334757
POSE 30007 1488465244.041487704 0.000362629
POSE 30008 1488465244.051461463 0.009355418
POSE 30009 1488465244.061439913 0.009383069
POSE 30010 1488465244.071676684 0.009657981
POSE 30011 1488465244.081674161 0.009128754
POSE 30012 1488465244.091482972 0.009319089
POSE 30013 1488465244.101487770 0.009312675
POSE 30014 1488465244.111624532 0.009740061
POSE 30015 1488465244.121856675 0.008990021
POSE 30016 1488465244.131521764 0.009283291
POSE 30017 1488465244.141525596 0.009295959
POSE 30018 1488465244.151595110 0.009926873
POSE 30019 1488465244.161583440 0.009221491
POSE 30020 1488465244.171492109 0.009332116
POSE 30021 1488465244.181493771 0.009312254
POSE 30022 1488465244.191484206 0.009810849
POSE 30023 1488465244.201467331 0.009301384
POSE 30024 1488465244.211499953 0.009301418
POSE 30025 1488465244.221487369 0.009319381
POSE 30026 1488465244.231566343 0.009855780
POSE 30027 1488465244.241567078 0.009235323
POSE 30028 1488465244.251488846 0.009327765
POSE 30029 1488465244.261504675 0.009288035
POSE 30030 1488465244.271449517 0.010112057
POSE 30031 1488465244.281552805 0.009251076
POSE 30032 1488465244.291482988 0.009325476
POSE 30033 1488465244.301502275 0.009306002
POSE 30034 1488465244.311469970 0.010023018
POSE 30035 1488465244.321601601 0.009230758
POSE 30036 1488465244.331449236 0.009356884
POSE 30037 1488465244.341499380 0.009304778
POSE 30038 1488465244.351479247 0.009836504
POSE 30039 1488465244.361447415 0.009352977
POSE 30040 1488465244.371545672 0.009309900
POSE 30041 1488465244.381528326 0.009294574
POSE 30042 1488465244.391515847 0.009774181
POSE 30043 1488465244.401524857 0.009276896
POSE 30044 1488465244.411504978 0.009318342
POSE 30045 1488465244.421406957 0.009423894
POSE 30046 1488465244.431444009 0.009888260
POSE 30047 1488465244.441482492 0.009341434
POSE 30048 1488465244.451464268 0.009339476
POSE 30049 1488465244.461717074 0.009105613
POSE 30050 1488465244.471495817 0.009883637
POSE 30051 1488465244.481522425 0.009299894
POSE 30052 1488465244.491479037 0.009325615
POSE 30053 1488465244.501481173 0.009291601
POSE 30054 1488465244.511478278 0.009783418
POSE 30055 1488465244.521521856 0.009283161
POSE 30057 1488465244.541474725 0.001688156
POSE 30058 1488465244.551479901 0.009909956
POSE 30059 1488465244.561490300 0.009333144
POSE 30060 1488465244.571503612 0.009298655
POSE 30061 1488465244.581499350 0.009331084
POSE 30062 1488465244.591493868 0.009872793
POSE 30063 1488465244.601429851 0.009391992
POSE 30064 1488465244.611429594 0.009396655
POSE 30065 1488465244.621446337 0.009335171
POSE 30067 1488465244.641443125 0.000301423
POSE 30068 1488465244.651440705 0.009362130
POSE 30069 1488465244.661441238 0.009328163
POSE 30070 1488465244.671480480 0.009796332
POSE 30071 1488465244.681498583 0.009323447
POSE 30072 1488465244.691474939 0.009330779
POSE 30073 1488465244.701493626 0.009309499
POSE 30074 1488465244.711478236 0.009806072
POSE 30075 1488465244.721512729 0.009290666
POSE 30076 1488465244.731513323 0.009293175
POSE 30077 1488465244.741675023 0.009153183
POSE 30078 1488465244.751821966 0.009766008
POSE 30079 1488465244.761451880 0.009380384
POSE 30080 1488465244.771497700 0.009307790
POSE 30081 1488465244.781493451 0.009357942
POSE 30082 1488465244.791695819 0.009678505
POSE 30083 1488465244.801482804 0.009322466
POSE 30084 1488465244.811477955 0.009347533
POSE 30085 1488465244.821800175 0.009004367
POSE 30086 1488465244.831472447 0.009868030
POSE 30087 1488465244.841566281 0.009228347
POSE 30088 1488465244.851999552 0.008835248
POSE 30089 1488465244.861535332 0.009255705
POSE 30090 1488465244.871475919 0.009839032
POSE 30091 1488465244.881412288 0.009422531
POSE 30092 1488465244.891474317 0.009330068
POSE 30093 1488465244.901550219 0.009239346
POSE 30094 1488465244.911564774 0.009929793
POSE 30095 1488465244.921585298 0.009217385
POSE 30096 1488465244.931482333 0.009320698
POSE 30097 1488465244.941480223 0.009350763
POSE 30098 1488465244.951479521 0.009924893
POSE 30099 1488465244.961494944 0.009326167
POSE 30100 1488465244.971476624 0.009327519
POSE 30101 1488465244.981487155 0.009320050
POSE 30102 1488465244.991480300 0.009876425
POSE 30103 1488465245.001483048 0.009318494
POSE 30104 1488465245.011470183 0.009316320
POSE 30105 1488465245.021470615 0.009359494
POSE 30106 1488465245.031471011 0.009948385
POSE 30107 1488465245.041657234 0.009180825
POSE 30108 1488465245.051471555 0.009355471
POSE 30109 1488465245.061983209 0.008826500
POSE 30110 1488465245.071988611 0.009789215
POSE 30111 1488465245.081748929 0.009056239
POSE 30112 1488465245.091453350 0.009382637
POSE 30113 1488465245.101466717 0.009344215
POSE 30114 1488465245.111468290 0.010208091
POSE 30115 1488465245.121487200 0.009346437
POSE 30116 1488465245.131457461 0.009374058
POSE 30118 1488465245.151642168 0.003558510
POSE 30119 1488465245.161673755 0.000555671
POSE 30120 1488465245.171551597 0.009293203
POSE 30121 1488465245.181633524 0.009199398
POSE 30122 1488465245.191586443 0.009706421
POSE 30123 1488465245.201586411 0.009216270
POSE 30124 1488465245.211615123 0.009186139
POSE 30125 1488465245.221744456 0.009017560
POSE 30126 1488465245.231568613 0.010084573
POSE 30127 1488465245.241888187 0.008890771
POSE 30128 1488465245.251495435 0.009311834
POSE 30130 1488465245.271484453 0.001963131
POSE 30131 1488465245.281474424 0.009355666
POSE 30132 1488465245.291465200 0.009341290
POSE 30133 1488465245.301484800 0.009352425
POSE 30135 1488465245.321496247 0.001814538
POSE 30136 1488465245.331487454 0.009352172
POSE 30137 1488465245.341483370 0.009320834
POSE 30138 1488465245.351572910 0.009660192
POSE 30139 1488465245.361493905 0.009308518
POSE 30140 1488465245.371772899 0.009049077
POSE 30141 1488465245.381727293 0.009076076
POSE 30142 1488465245.391480822 0.009766832
POSE 30143 1488465245.401525094 0.009275253
POSE 30144 1488465245.411486300 0.009316014
POSE 30145 1488465245.421477274 0.009325008
POSE 30146 1488465245.431539270 0.009731843
POSE 30147 1488465245.441500350 0.009328121
POSE 30148 1488465245.451487475 0.009277624
POSE 30149 1488465245.461495018 0.009315730
POSE 30150 1488465245.471448977 0.009787553
POSE 30151 1488465245.481527485 0.009283595
POSE 30152 1488465245.491465018 0.009339761
POSE 30153 1488465245.501416204 0.009387203
POSE 30154 1488465245.511428786 0.009894295
POSE 30155 1488465245.521449263 0.009386120
POSE 30156 1488465245.531434845 0.009371232
POSE 30157 1488465245.541433400 0.009370852
POSE 30158 1488465245.551455218 0.009886410
POSE 30159 1488465245.561512182 0.009290230
POSE 30160 1488465245.571484316 0.009320905
POSE 30161 1488465245.581557193 0.009252344
POSE 30162 1488465245.591506883 0.010001767
POSE 30163 1488465245.601499744 0.009322644
POSE 30164 1488465245.611467862 0.009342241
POSE 30165 1488465245.621488728 0.009317219
POSE 30166 1488465245.631485498 0.009944571
POSE 30167 1488465245.641496712 0.009323917
POSE 30168 1488465245.651474100 0.009347252
POSE 30169 1488465245.661476035 0.009294267
POSE 30170 1488465245.671480492 0.009863344
POSE 30171 1488465245.681485686 0.009318173
POSE 30172 1488465245.691475863 0.009361363
POSE 30173 1488465245.701490873 0.009313175
POSE 30174 1488465245.711499299 0.009991177
POSE 30175 1488465245.721509787 0.009311657
POSE 30176 1488465245.731560932 0.009262646
POSE 30177 1488465245.741478318 0.009327952
POSE 30178 1488465245.751508370 0.009950129
POSE 30179 1488465245.761485370 0.009325106
POSE 30180 1488465245.771499260 0.009303667
POSE 30181 1488465245.781482941 0.009322264
POSE 30182 1488465245.791480951 0.010048671
POSE 30183 1488465245.801499665 0.009302815
POSE 30184 1488465245.811484812 0.009317180
POSE 30185 1488465245.821494164 0.009307660
POSE 30186 1488465245.831477876 0.009999827
POSE 30187 1488465245.841476410 0.009325721
POSE 30188 1488465245.851492762 0.009307776
POSE 30189 1488465245.861474309 0.009327689
POSE 30190 1488465245.871474318 0.009991290
POSE 30191 1488465245.881477171 0.009324993
POSE 30192 1488465245.891480144 0.009322185
POSE 30193 1488465245.901486668 0.009314723
POSE 30194 1488465245.911473278 0.010020634
POSE 30195 1488465245.921500234 0.009302433
POSE 30196 1488465245.931474612 0.009327750
POSE 30197 1488465245.941611498 0.009199233
POSE 30198 1488465245.951647529 0.009919364
POSE 30199 1488465245.961608526 0.009191615
POSE 30200 1488465245.971561829 0.009237512
POSE 30201 1488465245.981603998 0.009197523
POSE 30202 1488465245.991600319 0.009912154
POSE 30203 1488465246.001561311 0.009239898
POSE 30204 1488465246.011551727 0.009249468
POSE 30205 1488465246.021680321 0.009119882
POSE 30206 1488465246.031479871 0.010029430
POSE 30207 1488465246.041492632 0.009307943
POSE 30208 1488465246.051474755 0.009325252
POSE 30209 1488465246.061478954 0.009323088
POSE 30210 1488465246.071451757 0.010036805
POSE 30211 1488465246.081469094 0.009331498
POSE 30212 1488465246.091474353 0.009326738
POSE 30213 1488465246.101468548 0.009350791
POSE 30214 1488465246.111595445 0.009918907
POSE 30215 1488465246.121565495 0.009240613
POSE 30216 1488465246.131483143 0.009317917
POSE 30217 1488465246.141474775 0.009327982
POSE 30218 1488465246.151445375 0.010054350
POSE 30219 1488465246.161481337 0.009327291
POSE 30220 1488465246.171496097 0.009309103
POSE 30221 1488465246.181478877 0.009322273
POSE 30222 1488465246.191464246 0.010041779
POSE 30223 1488465246.201688578 0.009114654
POSE 30224 1488465246.211469267 0.009334848
POSE 30225 1488465246.221473764 0.009327483
POSE 30227 1488465246.241722842 0.002912291
POSE 30228 1488465246.251512564 0.009289100
POSE 30229 1488465246.261503007 0.009303073
POSE 30230 1488465246.271510512 0.010019473
POSE 30231 1488465246.281518379 0.009283902
POSE 30232 1488465246.291517025 0.009285853
POSE 30233 1488465246.301480013 0.009321559
POSE 30234 1488465246.311932098 0.009625555
POSE 30235 1488465246.321721060 0.009079779
POSE 30236 1488465246.331800320 0.009001379
POSE 30237 1488465246.341681578 0.009119698
POSE 30238 1488465246.351788434 0.009702590
POSE 30239 1488465246.361822153 0.008983281
POSE 30240 1488465246.371459955 0.009342645
POSE 30241 1488465246.381465952 0.009336948
POSE 30242 1488465246.391441934 0.009826775
POSE 30243 1488465246.401840077 0.008961497
POSE 30244 1488465246.411783850 0.009019249
POSE 30245 1488465246.421660978 0.009171026
POSE 30246 1488465246.431719013 0.009669551
POSE 30247 1488465246.441677062 0.009151217
POSE 30248 1488465246.451696817 0.009137582
POSE 30249 1488465246.462009512 0.008800006
POSE 30250 1488465246.471987652 0.009624535
POSE 30251 1488465246.481968882 0.008852898
POSE 30252 1488465246.491909126 0.008896658
POSE 30253 1488465246.501857436 0.008957744
POSE 30254 1488465246.511482708 0.010389180
POSE 30255 1488465246.521710566 0.009124647
POSE 30256 1488465246.531611984 0.009154466
POSE 30257 1488465246.541607178 0.009217672
POSE 30258 1488465246.551536508 0.009816943
POSE 30259 1488465246.561735704 0.009070346
POSE 30260 1488465246.571520879 0.009284441
POSE 30261 1488465246.581492830 0.009308782
POSE 30262 1488465246.591489640 0.009787057
POSE 30263 1488465246.601521525 0.009279994
POSE 30264 1488465246.611476945 0.009344975
POSE 30265 1488465246.621482272 0.009339257
POSE 30266 1488465246.631481398 0.009781379
POSE 30267 1488465246.641610875 0.009189275
POSE 30268 1488465246.651498899 0.009323413
POSE 30269 1488465246.661433626 0.009391186
POSE 30270 1488465246.671456714 0.009793046
POSE 30271 1488465246.681919161 0.008929741
POSE 30272 1488465246.691495025 0.009314623
POSE 30273 1488465246.701470215 0.009363625
POSE 30275 1488465246.721476792 0.000463774
POSE 30276 1488465246.731500508 0.009313618
POSE 30277 1488465246.741489785 0.009345008
POSE 30279 1488465246.761501075 0.000574388
POSE 30280 1488465246.771472633 0.009333810
POSE 30281 1488465246.781469923 0.009363542
POSE 30282 1488465246.791497957 0.009920529
POSE 30283 1488465246.801448649 0.009354475
POSE 30284 1488465246.811423253 0.009403985
POSE 30285 1488465246.821431573 0.009371137
POSE 30286 1488465246.831470841 0.009804791
POSE 30287 1488465246.841482375 0.009344345
POSE 30288 1488465246.851488067 0.009317092
POSE 30289 1488465246.861486039 0.009340219
POSE 30290 1488465246.871486099 0.009795657
POSE 30291 1488465246.881588595 0.009215259
POSE 30292 1488465246.891467764 0.009353936
POSE 30293 1488465246.901503275 0.009300293
POSE 30294 1488465246.911552905 0.009820890
POSE 30295 1488465246.921588944 0.009217997
POSE 30296 1488465246.931553656 0.009267147
POSE 30297 1488465246.941538668 0.009246105
POSE 30298 1488465246.951578602 0.009752990
POSE 30299 1488465246.961566237 0.009238686
POSE 30300 1488465246.971515704 0.009285559
POSE 30301 1488465246.981515752 0.009284582
POSE 30302 1488465246.991520761 0.010063380
POSE 30303 1488465247.001523398 0.009283459
POSE 30304 1488465247.011475516 0.009312276
POSE 30305 1488465247.021495846 0.009334535
POSE 30306 1488465247.031491156 0.009776578
POSE 30307 1488465247.041563016 0.009279841
POSE 30308 1488465247.051563318 0.009246199
POSE 30310 1488465247.071475412 0.001282934
POSE 30311 1488465247.081455537 0.009352244
POSE 30312 1488465247.091492169 0.009309931
POSE 30314 1488465247.111475125 0.001303107
POSE 30315 1488465247.121500609 0.009321764
POSE 30316 1488465247.131475226 0.009326340
POSE 30317 1488465247.141476627 0.009346457
POSE 30318 1488465247.151497797 0.009860426
POSE 30319 1488465247.161524851 0.009277406
POSE 30320 1488465247.171457181 0.009364413
POSE 30321 1488465247.181704130 0.009101934
POSE 30322 1488465247.191482547 0.009947726
POSE 30323 1488465247.201478651 0.009351819
POSE 30324 1488465247.211481262 0.009325312
POSE 30325 1488465247.221460572 0.009362696
POSE 30326 1488465247.231695531 0.009574447
POSE 30327 1488465247.241554728 0.009232475
POSE 30328 1488465247.251473164 0.009330669
POSE 30329 1488465247.261476949 0.009326302
POSE 30330 1488465247.271437141 0.009847367
POSE 30331 1488465247.281503306 0.009343983
POSE 30332 1488465247.291792753 0.009009585
POSE 30333 1488465247.301484281 0.009318347
POSE 30334 1488465247.311481906 0.009869841
POSE 30335 1488465247.321496205 0.009281901
POSE 30336 1488465247.331485851 0.009316037
POSE 30337 1488465247.341474133 0.009355137
POSE 30338 1488465247.351451066 0.009863787
POSE 30339 1488465247.361537961 0.009293816
POSE 30340 1488465247.371475491 0.009349107
POSE 30341 1488465247.381460025 0.009313446
POSE 30342 1488465247.391505774 0.009823804
POSE 30343 1488465247.401536887 0.009264967
POSE 30344 1488465247.411457603 0.009387197
POSE 30345 1488465247.421458355 0.009352728
POSE 30346 1488465247.431477207 0.009897175
POSE 30347 1488465247.441744957 0.009058022
POSE 30348 1488465247.451459058 0.009351191
POSE 30349 1488465247.461397793 0.009477494
POSE 30350 1488465247.471488841 0.009830048
POSE 30351 1488465247.481499803 0.009309380
POSE 30352 1488465247.491472472 0.009338493
POSE 30353 1488465247.501436048 0.009389670
POSE 30354 1488465247.511431496 0.009990210
POSE 30355 1488465247.521609844 0.009197539
POSE 30356 1488465247.531523384 0.009310612
POSE 30357 1488465247.541525711 0.009304300
POSE 30358 1488465247.551510477 0.009751458
POSE 30359 1488465247.561867679 0.008962173
POSE 30360 1488465247.571575390 0.009249176
POSE 30361 1488465247.581555980 0.009286081
POSE 30362 1488465247.591718750 0.009975966
POSE 30363 1488465247.601414054 0.009408621
POSE 30364 1488465247.611426339 0.009386163
POSE 30365 1488465247.621430461 0.009383365
POSE 30366 1488465247.631439603 0.010213512
POSE 30367 1488465247.641441335 0.009368193
POSE 30368 1488465247.651461659 0.009350600
POSE 30369 1488465247.661495965 0.009311183
POSE 30370 1488465247.671760940 0.009662272
POSE 30371 1488465247.681823850 0.008990407
POSE 30372 1488465247.691859903 0.008945720
POSE 30373 1488465247.701776427 0.009030481
POSE 30374 1488465247.711450314 0.010006084
POSE 30375 1488465247.721482966 0.009320808
POSE 30376 1488465247.731481613 0.009341161
POSE 30377 1488465247.741543856 0.009267075
POSE 30378 1488465247.751514926 0.010066965
POSE 30379 1488465247.761497685 0.009316348
POSE 30380 1488465247.771675784 0.009135044
POSE 30381 1488465247.781404714 0.009421747
POSE 30382 1488465247.791593500 0.009772915
POSE 30383 1488465247.801599969 0.009204188
POSE 30384 1488465247.811479164 0.009365549
POSE 30385 1488465247.821574291 0.009247623
POSE 30386 1488465247.831492248 0.009828231
POSE 30387 1488465247.841502099 0.009301581
POSE 30388 1488465247.851712583 0.009128620
POSE 30389 1488465247.861641307 0.009201549
POSE 30390 1488465247.871679442 0.010144693
POSE 30391 1488465247.881669686 0.009164307
POSE 30392 1488465247.891551679 0.009257062
POSE 30393 1488465247.901782922 0.009029257
POSE 30394 1488465247.911722979 0.009908388
POSE 30395 1488465247.921407858 0.009397166
POSE 30396 1488465247.931432046 0.009375608
POSE 30397 1488465247.941444130 0.009368430
POSE 30398 1488465247.951533578 0.010111095
POSE 30399 1488465247.961463147 0.009339673
POSE 30400 1488465247.971420866 0.009384171
POSE 30401 1488465247.981419610 0.009402152
POSE 30402 1488465247.991417912 0.010027279
POSE 30403 1488465248.001494167 0.009319505
POSE 30404 1488465248.011454921 0.009353140
POSE 30405 1488465248.021477484 0.009362161
POSE 30406 1488465248.031477247 0.010065402
POSE 30407 1488465248.041686367 0.009122456
POSE 30408 1488465248.051468790 0.009360148
POSE 30409 1488465248.061467514 0.009311166
POSE 30410 1488465248.071630922 0.009722206
POSE 30411 1488465248.081646321 0.009156130
POSE 30412 1488465248.091573099 0.009231346
POSE 30413 1488465248.101576506 0.009262609
POSE 30414 1488465248.111754249 0.009610877
POSE 30415 1488465248.121756020 0.009054818
POSE 30416 1488465248.131584721 0.009218672
POSE 30418 1488465248.151732010 0.001826218
POSE 30419 1488465248.161622090 0.009206826
POSE 30420 1488465248.171623171 0.009180011
POSE 30421 1488465248.181610890 0.009195086
POSE 30422 1488465248.191610282 0.009854510
POSE 30423 1488465248.201479791 0.009324044
POSE 30424 1488465248.211480246 0.009326083
POSE 30425 1488465248.221469967 0.009361800
POSE 30426 1488465248.231461223 0.009950401
POSE 30427 1488465248.241457968 0.009344387
POSE 30428 1488465248.251769178 0.009034295
POSE 30429 1488465248.261757761 0.009068379
POSE 30430 1488465248.271880834 0.009539430
POSE 30431 1488465248.281911137 0.008906983
POSE 30432 1488465248.291823906 0.008997208
POSE 30433 1488465248.301468767 0.009332963
POSE 30434 1488465248.311499480 0.010010641
POSE 30435 1488465248.321488393 0.009277151
POSE 30436 1488465248.331479448 0.009341617
POSE 30437 1488465248.341401856 0.009415162
POSE 30439 1488465248.361438434 0.000376355
POSE 30440 1488465248.371690360 0.009142505
POSE 30441 1488465248.381480541 0.009350527
POSE 30442 1488465248.391479922 0.010115711
POSE 30443 1488465248.401488234 0.009284166
POSE 30444 1488465248.411601447 0.009200807
POSE 30445 1488465248.421415595 0.009387398
POSE 30446 1488465248.431467881 0.009824449
POSE 30447 1488465248.441471160 0.009329562
POSE 30448 1488465248.451443888 0.009356903
POSE 30449 1488465248.461460859 0.009407447
POSE 30450 1488465248.471480827 0.009836664
POSE 30451 1488465248.481500882 0.009306908
POSE 30452 1488465248.491490621 0.009335880
POSE 30453 1488465248.501471209 0.009350953
POSE 30454 1488465248.511469022 0.009828480
POSE 30455 1488465248.521523044 0.009304618
POSE 30456 1488465248.531434771 0.009367550
POSE 30457 1488465248.541457856 0.009370954
POSE 30458 1488465248.551543782 0.009831742
POSE 30459 1488465248.561446918 0.009385662
POSE 30460 1488465248.571442847 0.009350141
POSE 30461 1488465248.581438004 0.009366223
POSE 30462 1488465248.591435931 0.010257637
POSE 30463 1488465248.601433823 0.009370485
POSE 30464 1488465248.611445228 0.009357594
POSE 30465 1488465248.621497837 0.009304635
POSE 30466 1488465248.631481648 0.010032176
POSE 30467 1488465248.641487490 0.009313731
POSE 30468 1488465248.651468767 0.009335760
POSE 30469 1488465248.661491209 0.009317150
POSE 30470 1488465248.671502721 0.009953242
POSE 30471 1488465248.681504407 0.009298234
POSE 30472 1488465248.691488088 0.009314627
POSE 30473 1488465248.701491056 0.009311849
POSE 30474 1488465248.711485017 0.010076692
POSE 30475 1488465248.721730593 0.009073331
POSE 30476 1488465248.731578162 0.009224325
POSE 30477 1488465248.741558943 0.009245439
POSE 30478 1488465248.751516929 0.010045689
POSE 30479 1488465248.761465435 0.009337914
POSE 30480 1488465248.771436993 0.009365447
POSE 30481 1488465248.781422090 0.009380973
POSE 30482 1488465248.791426726 0.010084228
POSE 30483 1488465248.801473656 0.009330701
POSE 30484 1488465248.811404631 0.009397808
POSE 30485 1488465248.821431193 0.009372186
POSE 30486 1488465248.831439971 0.010057427
POSE 30487 1488465248.841463239 0.009340325
POSE 30488 1488465248.851423627 0.009382207
POSE 30489 1488465248.861457330 0.009344269
POSE 30490 1488465248.871431886 0.009984620
POSE 30491 1488465248.881432517 0.009371182
POSE 30492 1488465248.891433459 0.009369968
POSE 30493 1488465248.901445047 0.009356108
POSE 30494 1488465248.911494151 0.010040945
POSE 30495 1488465248.921454789 0.009348201
POSE 30496 1488465248.931491265 0.009311337
POSE 30497 1488465248.941467227 0.009334404
POSE 30498 1488465248.951484744 0.010081058
POSE 30499 1488465248.961526562 0.009278542
POSE 30500 1488465248.971481669 0.009320866
POSE 30501 1488465248.981470844 0.009334997
POSE 30502 1488465248.991487270 0.010019112
POSE 30503 1488465249.001515704 0.009286552
POSE 30504 1488465249.011497361 0.009304574
POSE 30505 1488465249.021480854 0.009321967
POSE 30506 1488465249.031479745 0.010064195
POSE 30507 1488465249.041609464 0.009192550
POSE 30508 1488465249.051481963 0.009320651
POSE 30509 1488465249.061448809 0.009353936
POSE 30510 1488465249.071605308 0.009879172
POSE 30511 1488465249.081484162 0.009320596
POSE 30512 1488465249.091493871 0.009308557
POSE 30513 1488465249.101471729 0.009329816
POSE 30514 1488465249.111486048 0.010039925
POSE 30515 1488465249.121470542 0.009332148
POSE 30516 1488465249.131470790 0.009335525
POSE 30517 1488465249.141488479 0.009314309
POSE 30519 1488465249.161509729 0.003073701
POSE 30520 1488465249.171842240 0.008961935
POSE 30521 1488465249.181608422 0.009197244
POSE 30522 1488465249.191605590 0.009907963
POSE 30523 1488465249.201593611 0.009207319
POSE 30524 1488465249.211726914 0.009075968
POSE 30525 1488465249.221589619 0.009213547
POSE 30526 1488465249.231458236 0.010053228
POSE 30527 1488465249.241495783 0.009306429
POSE 30529 1488465249.261489663 0.002367600
POSE 30530 1488465249.271466375 0.010068251
POSE 30531 1488465249.281469621 0.009339096
POSE 30532 1488465249.291539847 0.009263541
POSE 30533 1488465249.302069800 0.008731821
POSE 30534 1488465249.312006876 0.009584432
POSE 30535 1488465249.321461680 0.009341419
POSE 30536 1488465249.331506652 0.009296369
POSE 30537 1488465249.341479681 0.009323141
POSE 30538 1488465249.351610171 0.009842908
POSE 30539 1488465249.361809116 0.008995069
POSE 30540 1488465249.371619872 0.009182583
POSE 30541 1488465249.381513550 0.009287734
POSE 30542 1488465249.391473788 0.009960714
POSE 30543 1488465249.401501020 0.009279593
POSE 30544 1488465249.411487754 0.009339662
POSE 30545 1488465249.421491476 0.009312271
POSE 30546 1488465249.431476666 0.009877495
POSE 30547 1488465249.441466016 0.009335744
POSE 30548 1488465249.451429757 0.009394091
POSE 30549 1488465249.461454716 0.009330412
POSE 30550 1488465249.471474151 0.009792632
POSE 30551 1488465249.481496626 0.009307759
POSE 30552 1488465249.491468351 0.009336060
POSE 30553 1488465249.501477936 0.009353204
POSE 30554 1488465249.511472331 0.009902518
POSE 30555 1488465249.521482781 0.009323120
POSE 30556 1488465249.531479525 0.009343610
POSE 30557 1488465249.541471154 0.009334582
POSE 30558 1488465249.551730482 0.009764504
POSE 30559 1488465249.561758835 0.009054466
POSE 30560 1488465249.571455868 0.009375527
POSE 30561 1488465249.581458437 0.009372995
POSE 30562 1488465249.591455240 0.010141063
POSE 30563 1488465249.601613414 0.009191402
POSE 30564 1488465249.611475692 0.009354505
POSE 30565 1488465249.621441094 0.009368016
POSE 30566 1488465249.631442783 0.010051440
POSE 30567 1488465249.641484883 0.009324930
POSE 30568 1488465249.651445137 0.009392152
POSE 30569 1488465249.661449307 0.009355128
POSE 30570 1488465249.671434863 0.010045443
POSE 30571 1488465249.681595175 0.009234744
POSE 30572 1488465249.691579844 0.009250380
POSE 30573 1488465249.701497300 0.009325652
POSE 30574 1488465249.711492307 0.009808385
POSE 30575 1488465249.721496037 0.009307573
POSE 30576 1488465249.731488103 0.009329742
POSE 30577 1488465249.741583364 0.009239846
POSE 30578 1488465249.751579069 0.009840311
POSE 30579 1488465249.761554700 0.009274299
POSE 30580 1488465249.771473774 0.009331336
POSE 30581 1488465249.781471563 0.009342859
POSE 30582 1488465249.791518493 0.009690621
POSE 30583 1488465249.801503779 0.009308669
POSE 30584 1488465249.811473625 0.009330118
POSE 30585 1488465249.821502698 0.009305105
POSE 30586 1488465249.831476915 0.009795022
POSE 30587 1488465249.841517807 0.009285867
POSE 30588 1488465249.851490939 0.009316567
POSE 30589 1488465249.861471927 0.009355711
POSE 30590 1488465249.871471923 0.009809688
POSE 30591 1488465249.881630045 0.009175158
POSE 30592 1488465249.891473687 0.009331220
POSE 30593 1488465249.901479198 0.009340059
POSE 30594 1488465249.911674233 0.009786473
POSE 30595 1488465249.921496051 0.009315714
POSE 30596 1488465249.931476869 0.009333163
POSE 30597 1488465249.941511592 0.009324480
POSE 30599 1488465249.961527408 0.000454578
POSE 30600 1488465249.971499745 0.009305678
POSE 30601 1488465249.981423336 0.009399590
POSE 30602 1488465249.991474217 0.009925721
POSE 30603 1488465250.001496661 0.009314796
POSE 30604 1488465250.011468605 0.009353994
POSE 30605 1488465250.021469888 0.009317637
POSE 30606 1488465250.031547921 0.009777925
POSE 30607 1488465250.041518652 0.009304396
POSE 30608 1488465250.051527204 0.009275587
POSE 30609 1488465250.061500549 0.009301842
POSE 30610 1488465250.071526497 0.009819354
POSE 30611 1488465250.081557729 0.009243554
POSE 30612 1488465250.091504119 0.009297731
POSE 30613 1488465250.101486069 0.009319543
POSE 30614 1488465250.111507421 0.010174311
POSE 30615 1488465250.122146944 0.008677617
POSE 30616 1488465250.131569668 0.009260455
POSE 30617 1488465250.141483209 0.009348788
POSE 30618 1488465250.151496275 0.009829406
POSE 30619 1488465250.161478573 0.009323978
POSE 30620 1488465250.171487368 0.009339699
POSE 30621 1488465250.181493655 0.009334788
POSE 30622 1488465250.191505597 0.009744739
POSE 30623 1488465250.201468814 0.009376768
POSE 30624 1488465250.211476804 0.009325161
POSE 30625 1488465250.221461909 0.009341190
POSE 30626 1488465250.231480338 0.009797273
POSE 30627 1488465250.241506661 0.009320590
POSE 30628 1488465250.251481549 0.009341308
POSE 30629 1488465250.261479730 0.009320033
POSE 30630 1488465250.271491601 0.009850964
POSE 30631 1488465250.281514395 0.009310552
POSE 30632 1488465250.291516822 0.009318044
POSE 30633 1488465250.301504976 0.009321897
POSE 30634 1488465250.311482243 0.009862954
POSE 30635 1488465250.321464886 0.009337862
POSE 30636 1488465250.331475267 0.009305617
POSE 30637 1488465250.341453641 0.009347929
POSE 30638 1488465250.351457551 0.010155166
POSE 30639 1488465250.361481533 0.009333550
POSE 30640 1488465250.371460761 0.009341228
POSE 30641 1488465250.381472509 0.009357376
POSE 30642 1488465250.391486485 0.009850127
POSE 30643 1488465250.401438505 0.009364667
POSE 30644 1488465250.411407793 0.009415367
POSE 30645 1488465250.421655036 0.009148636
POSE 30646 1488465250.431437166 0.009908914
POSE 30647 1488465250.441473649 0.009331944
POSE 30648 1488465250.451519535 0.009288688
POSE 30649 1488465250.461559944 0.009262073
POSE 30650 1488465250.471692567 0.009535663
POSE 30651 1488465250.481579437 0.009248875
POSE 30652 1488465250.491782501 0.009019339
POSE 30653 1488465250.501480765 0.009347534
POSE 30654 1488465250.511477349 0.010121618
POSE 30655 1488465250.521755197 0.009055798
POSE 30656 1488465250.531471063 0.009335879
POSE 30657 1488465250.541474139 0.009332837
POSE 30658 1488465250.551534885 0.009958587
POSE 30659 1488465250.561491886 0.009315698
POSE 30660 1488465250.571438735 0.009399964
POSE 30661 1488465250.581452099 0.009370861
POSE 30662 1488465250.591496437 0.010352358
POSE 30663 1488465250.601488736 0.009345273
POSE 30664 1488465250.611483373 0.009328707
POSE 30665 1488465250.621532885 0.009278944
POSE 30667 1488465250.641486522 0.000340116
POSE 30668 1488465250.651469974 0.009334907
POSE 30669 1488465250.661479809 0.009350629
POSE 30670 1488465250.671481277 0.009975049
POSE 30671 1488465250.681501851 0.009321209
POSE 30672 1488465250.691789773 0.009025402
POSE 30673 1488465250.701476442 0.009327648
POSE 30674 1488465250.711489512 0.009772404
POSE 30675 1488465250.721703159 0.009107243
POSE 30677 1488465250.741769618 0.002336044
POSE 30678 1488465250.751660971 0.010096050
POSE 30679 1488465250.761730748 0.009074520
POSE 30680 1488465250.771717313 0.009090166
POSE 30681 1488465250.781721025 0.009112553
POSE 30682 1488465250.791649305 0.009629878
POSE 30683 1488465250.801596398 0.009205472
POSE 30684 1488465250.811562376 0.009255242
POSE 30685 1488465250.821568196 0.009261287
POSE 30686 1488465250.831518391 0.010305840
POSE 30687 1488465250.841496790 0.009307261
POSE 30688 1488465250.851495575 0.009331079
POSE 30689 1488465250.861395593 0.009408197
POSE 30691 1488465250.881557600 0.000345727
POSE 30692 1488465250.891634803 0.009167340
POSE 30693 1488465250.901612566 0.009189820
POSE 30694 1488465250.911540891 0.009738717
POSE 30695 1488465250.921519418 0.009285537
POSE 30696 1488465250.931494806 0.009308985
POSE 30697 1488465250.941477078 0.009328246
POSE 30698 1488465250.951493870 0.010023786
POSE 30699 1488465250.961871951 0.008929518
POSE 30700 1488465250.971483305 0.009320061
POSE 30701 1488465250.981399179 0.009403282
POSE 30702 1488465250.991428472 0.010087297
POSE 30703 1488465251.001682567 0.009118461
POSE 30704 1488465251.011578511 0.009228255
POSE 30705 1488465251.021453326 0.009348930
POSE 30707 1488465251.041444514 0.003079891
POSE 30708 1488465251.051467415 0.009336363
POSE 30709 1488465251.061427869 0.009375495
POSE 30710 1488465251.071850713 0.009682335
POSE 30711 1488465251.081589393 0.009212000
POSE 30712 1488465251.091568825 0.009234848
POSE 30713 1488465251.101548731 0.009254988
POSE 30714 1488465251.111787667 0.009757538
POSE 30715 1488465251.121710162 0.009090923
POSE 30716 1488465251.131658757 0.009143181
POSE 30717 1488465251.141667732 0.009136020
POSE 30718 1488465251.151483344 0.010014557
POSE 30719 1488465251.161478441 0.009321981
POSE 30720 1488465251.171621815 0.009182394
POSE 30721 1488465251.181630856 0.009171193
POSE 30722 1488465251.191577683 0.009904452
POSE 30723 1488465251.201690651 0.009110261
POSE 30724 1488465251.211483166 0.009321636
POSE 30725 1488465251.221413595 0.009388344
POSE 30727 1488465251.241456296 0.003112476
POSE 30728 1488465251.251480262 0.009324470
POSE 30729 1488465251.261406700 0.009396753
POSE 30730 1488465251.271437044 0.010091756
POSE 30731 1488465251.281438518 0.009361932
POSE 30732 1488465251.291434330 0.009367566
POSE 30733 1488465251.301430714 0.009371661
POSE 30734 1488465251.311427439 0.010081543
POSE 30735 1488465251.321533355 0.009272844
POSE 30737 1488465251.341598752 0.002341355
POSE 30738 1488465251.351596499 0.009936965
POSE 30739 1488465251.361510057 0.009294468
POSE 30740 1488465251.371499859 0.009320665
POSE 30742 1488465251.391485225 0.002738207
POSE 30743 1488465251.401482627 0.009330613
POSE 30744 1488465251.411534262 0.009276490
POSE 30745 1488465251.421540050 0.009265931
POSE 30746 1488465251.431498043 0.010053086
POSE 30747 1488465251.441491379 0.009317117
POSE 30748 1488465251.451518668 0.009295493
POSE 30749 1488465251.461487892 0.009318363
POSE 30750 1488465251.471473123 0.010065903
POSE 30751 1488465251.481529790 0.009275496
POSE 30752 1488465251.491585070 0.009247449
POSE 30753 1488465251.501849527 0.008991655
POSE 30754 1488465251.511630560 0.009894920
POSE 30755 1488465251.521480108 0.009320522
POSE 30756 1488465251.531474835 0.009328115
POSE 30757 1488465251.541486459 0.009316673
POSE 30758 1488465251.551480338 0.010040735
POSE 30759 1488465251.561504222 0.009296057
POSE 30760 1488465251.571496885 0.009307569
POSE 30761 1488465251.581514190 0.009289283
POSE 30762 1488465251.591477290 0.010000352
POSE 30763 1488465251.601487655 0.009315906
POSE 30764 1488465251.611713785 0.009087921
POSE 30765 1488465251.621471681 0.009331946
POSE 30766 1488465251.631479621 0.010039099
POSE 30767 1488465251.641510506 0.009290238
POSE 30768 1488465251.651468213 0.009338372
POSE 30769 1488465251.661485575 0.009317790
POSE 30770 1488465251.671521861 0.009700295
POSE 30771 1488465251.681521766 0.009305055
POSE 30772 1488465251.691485138 0.009298025
POSE 30773 1488465251.701571491 0.009233160
POSE 30774 1488465251.711578840 0.009658159
POSE 30775 1488465251.721506779 0.009312806
POSE 30776 1488465251.731499318 0.009316231
POSE 30777 1488465251.741550505 0.009257422
POSE 30778 1488465251.751471115 0.009940744
POSE 30779 1488465251.761495432 0.009307990
POSE 30780 1488465251.771490217 0.009312989
POSE 30781 1488465251.781498057 0.009308430
POSE 30782 1488465251.791495434 0.009824478
POSE 30783 1488465251.801497534 0.009306046
POSE 30784 1488465251.811657482 0.009159834
POSE 30785 1488465251.821510983 0.009295874
POSE 30786 1488465251.831534811 0.009818502
POSE 30787 1488465251.841528781 0.009275199
POSE 30788 1488465251.851472464 0.009351906
POSE 30789 1488465251.861590189 0.009215250
POSE 30790 1488465251.871623509 0.009772197
POSE 30791 1488465251.881637155 0.009185404
POSE 30792 1488465251.891571093 0.009271813
POSE 30793 1488465251.901582570 0.009265109
POSE 30794 1488465251.911578246 0.009746047
POSE 30795 1488465251.921524192 0.009280324
POSE 30796 1488465251.931489185 0.009315849
POSE 30797 1488465251.941481376 0.009322590
POSE 30798 1488465251.951499784 0.009805334
POSE 30799 1488465251.961492428 0.009335758
POSE 30800 1488465251.971477028 0.009336090
POSE 30801 1488465251.981474677 0.009356694
POSE 30802 1488465251.991483883 0.010123418
POSE 30803 1488465252.001457054 0.009349349
POSE 30804 1488465252.011513092 0.009295427
POSE 30805 1488465252.021539671 0.009268933
POSE 30806 1488465252.031437627 0.009927211
POSE 30807 1488465252.041454096 0.009348328
POSE 30808 1488465252.051473799 0.009330877
POSE 30809 1488465252.061732584 0.009072909
POSE 30810 1488465252.072036713 0.009411035
POSE 30811 1488465252.082023211 0.008779699
POSE 30812 1488465252.091957370 0.008879718
POSE 30813 1488465252.102186112 0.008634469
POSE 30814 1488465252.111918099 0.009588668
POSE 30815 1488465252.122013506 0.008798909
POSE 30816 1488465252.131519490 0.009294861
POSE 30817 1488465252.141737738 0.009071703
POSE 30818 1488465252.151705687 0.009830232
POSE 30819 1488465252.161743251 0.009067934
POSE 30820 1488465252.171666029 0.009140017
POSE 30821 1488465252.181696152 0.009127087
POSE 30822 1488465252.191498907 0.010025197
POSE 30823 1488465252.201494185 0.009315641
POSE 30824 1488465252.211489184 0.009329559
POSE 30825 1488465252.221528762 0.009284627
POSE 30826 1488465252.231492742 0.010018631
POSE 30827 1488465252.241443806 0.009366015
POSE 30828 1488465252.251464509 0.009355493
POSE 30829 1488465252.261493899 0.009316547
POSE 30830 1488465252.271463720 0.010005287
POSE 30831 1488465252.281528031 0.009340615
POSE 30832 1488465252.292038482 0.008810003
POSE 30833 1488465252.301888073 0.008928514
POSE 30834 1488465252.311480286 0.009796000
POSE 30835 1488465252.321498513 0.009305020
POSE 30836 1488465252.331506777 0.009314763
POSE 30837 1488465252.341480937 0.009339904
POSE 30838 1488465252.351489278 0.009735557
POSE 30839 1488465252.361632567 0.009191522
POSE 30840 1488465252.371480846 0.009322499
POSE 30841 1488465252.381468870 0.009332636
POSE 30842 1488465252.391493500 0.009851542
POSE 30843 1488465252.401671893 0.009134308
POSE 30844 1488465252.411474878 0.009367891
POSE 30845 1488465252.421493759 0.009311426
POSE 30846 1488465252.431462219 0.009957629
POSE 30847 1488465252.441472732 0.009328038
POSE 30848 1488465252.451662142 0.009140864
POSE 30849 1488465252.461460198 0.009341405
POSE 30851 1488465252.481486205 0.002668968
POSE 30852 1488465252.491473340 0.009350934
POSE 30853 1488465252.501469692 0.009371338
POSE 30854 1488465252.511570894 0.010194054
POSE 30855 1488465252.521489642 0.009311079
POSE 30856 1488465252.531473160 0.009348534
POSE 30857 1488465252.541482323 0.009329313
POSE 30859 1488465252.561457139 0.000443593
POSE 30860 1488465252.571451803 0.009361562
POSE 30861 1488465252.581448010 0.009364114
POSE 30862 1488465252.591592604 0.009907812
POSE 30863 1488465252.601552186 0.009271029
POSE 30864 1488465252.611521781 0.009285560
POSE 30865 1488465252.621550205 0.009253196
POSE 30866 1488465252.631423876 0.009940175
POSE 30867 1488465252.641439120 0.009383492
POSE 30868 1488465252.651444494 0.009379528
POSE 30869 1488465252.661441875 0.009353010
POSE 30870 1488465252.671664576 0.009668786
POSE 30871 1488465252.681439357 0.009370909
POSE 30872 1488465252.691424713 0.009396595
POSE 30873 1488465252.701400138 0.009404099
POSE 30874 1488465252.711439950 0.009915572
POSE 30875 1488465252.721493130 0.009308709
POSE 30876 1488465252.731469539 0.009335891
POSE 30877 1488465252.741483251 0.009320305
POSE 30878 1488465252.751484122 0.009838542
POSE 30879 1488465252.761550527 0.009251935
POSE 30880 1488465252.771434449 0.009358049
POSE 30881 1488465252.781467193 0.009341307
POSE 30882 1488465252.791720029 0.009764547
POSE 30883 1488465252.801519849 0.009301100
POSE 30884 1488465252.811487111 0.009318607
POSE 30885 1488465252.821487018 0.009335996
POSE 30886 1488465252.831472189 0.009761152
POSE 30887 1488465252.841709776 0.009100514
POSE 30888 1488465252.851480843 0.009341105
POSE 30889 1488465252.861471980 0.009331403
POSE 30890 1488465252.871487054 0.009817098
POSE 30891 1488465252.881723340 0.009080810
POSE 30892 1488465252.891485953 0.009335582
POSE 30893 1488465252.901543069 0.009264404
POSE 30894 1488465252.911632311 0.009913439
POSE 30895 1488465252.921525652 0.009320266
POSE 30896 1488465252.931480428 0.009341379
POSE 30897 1488465252.941414911 0.009399328
POSE 30898 1488465252.951487292 0.010195226
POSE 30899 1488465252.961429787 0.009383576
POSE 30900 1488465252.971460547 0.009356606
POSE 30901 1488465252.981478341 0.009335616
POSE 30902 1488465252.991451064 0.010186353
POSE 30903 1488465253.002068911 0.008747596
POSE 30904 1488465253.011991261 0.008823435
POSE 30905 1488465253.021995925 0.008813151
POSE 30906 1488465253.031920765 0.009562621
POSE 30907 1488465253.041423254 0.009392842
POSE 30908 1488465253.051486495 0.009346845
POSE 30909 1488465253.061510342 0.009313419
POSE 30910 1488465253.071477817 0.009852747
POSE 30911 1488465253.081499867 0.009306954
POSE 30912 1488465253.091461764 0.009386515
POSE 30913 1488465253.101733653 0.009093250
POSE 30914 1488465253.111760048 0.009597875
POSE 30915 1488465253.121934664 0.008869512
POSE 30916 1488465253.131793221 0.009033706
POSE 30917 1488465253.141444625 0.009358973
POSE 30918 1488465253.151481479 0.009788376
POSE 30919 1488465253.161645820 0.009187525
POSE 30920 1488465253.171479385 0.009323523
POSE 30921 1488465253.181442532 0.009360107
POSE 30922 1488465253.191430987 0.009897560
POSE 30923 1488465253.201450690 0.009364447
POSE 30924 1488465253.211652896 0.009179330
POSE 30925 1488465253.221460563 0.009349701
POSE 30926 1488465253.231437408 0.010195554
POSE 30927 1488465253.241464334 0.009358075
POSE 30928 1488465253.251434781 0.009363575
POSE 30929 1488465253.261649239 0.009180571
POSE 30930 1488465253.271424273 0.009977491
POSE 30931 1488465253.281438007 0.009385907
POSE 30932 1488465253.291424891 0.009407184
POSE 30933 1488465253.301426232 0.009399623
POSE 30934 1488465253.311634406 0.009884263
POSE 30935 1488465253.321433551 0.009365714
POSE 30936 1488465253.331426485 0.009379774
POSE 30937 1488465253.341993697 0.008813054
POSE 30939 1488465253.362024477 0.001631766
POSE 30940 1488465253.371876392 0.008899450
POSE 30941 1488465253.381939875 0.008865428
POSE 30942 1488465253.391918188 0.009780898
POSE 30943 1488465253.401950296 0.008872935
POSE 30944 1488465253.411873721 0.008931923
POSE 30945 1488465253.421851674 0.008952014
POSE 30946 1488465253.431824427 0.009597927
POSE 30947 1488465253.441938836 0.008869320
POSE 30948 1488465253.451786491 0.008973537
POSE 30949 1488465253.461957165 0.008872020
POSE 30950 1488465253.471771415 0.009499512
POSE 30951 1488465253.481460797 0.009370921
POSE 30952 1488465253.491445728 0.009357593
POSE 30953 1488465253.501439293 0.009387735
POSE 30954 1488465253.511449852 0.010060046
POSE 30955 1488465253.521510437 0.009320778
POSE 30956 1488465253.531384648 0.009445433
POSE 30957 1488465253.541759465 0.009041986
POSE 30958 1488465253.551731083 0.009589265
POSE 30959 1488465253.561968285 0.008861827
POSE 30960 1488465253.571764806 0.009051483
POSE 30961 1488465253.581744918 0.009090700
POSE 30962 1488465253.591807226 0.009783487
POSE 30963 1488465253.601745148 0.009066051
POSE 30964 1488465253.611801849 0.009000353
POSE 30965 1488465253.621708693 0.009092003
POSE 30966 1488465253.631738121 0.009470856
POSE 30967 1488465253.641748180 0.009053957
POSE 30968 1488465253.651833120 0.008967999
POSE 30969 1488465253.661712223 0.009111088
POSE 30970 1488465253.671524137 0.009806208
POSE 30971 1488465253.681466522 0.009358782
POSE 30972 1488465253.691493608 0.009329413
POSE 30973 1488465253.701482455 0.009348675
POSE 30974 1488465253.711510938 0.009806060
POSE 30975 1488465253.721513368 0.009315685
POSE 30976 1488465253.731490792 0.009316739
POSE 30977 1488465253.741478911 0.009349906
POSE 30978 1488465253.751435539 0.009960880
POSE 30979 1488465253.761620673 0.009186883
POSE 30980 1488465253.771719281 0.009086973
POSE 30981 1488465253.781471311 0.009353169
POSE 30982 1488465253.791489107 0.009934932
POSE 30983 1488465253.801736483 0.009071969
POSE 30984 1488465253.811464081 0.009341597
POSE 30985 1488465253.821510626 0.009295939
POSE 30986 1488465253.831630817 0.009701274
POSE 30987 1488465253.841707050 0.009096816
POSE 30988 1488465253.851491233 0.009321475
POSE 30989 1488465253.861494886 0.009312829
POSE 30990 1488465253.871725823 0.009596975
POSE 30992 1488465253.891480195 0.002606975
POSE 30993 1488465253.901701086 0.009115734
POSE 30994 1488465253.911498458 0.009767027
POSE 30995 1488465253.921642113 0.009168691
POSE 30996 1488465253.931473076 0.009335568
POSE 30997 1488465253.941444570 0.009364786
POSE 30998 1488465253.951436937 0.010040796
POSE 30999 1488465253.961455051 0.009354021
POSE 31000 1488465253.971425272 0.009387664
POSE 31001 1488465253.981437366 0.009368302
POSE 31002 1488465253.991463029 0.009920756
POSE 31003 1488465254.001481961 0.009337186
POSE 31004 1488465254.011471649 0.009331039
POSE 31005 1488465254.021475905 0.009328752
POSE 31006 1488465254.031468785 0.009992080
POSE 31007 1488465254.041482993 0.009321536
POSE 31008 1488465254.051475439 0.009346744
POSE 31009 1488465254.061476872 0.009324215
POSE 31010 1488465254.071467388 0.009897362
POSE 31011 1488465254.081705033 0.009111460
POSE 31012 1488465254.091432179 0.009420410
POSE 31013 1488465254.101699081 0.009124992
POSE 31014 1488465254.111586659 0.009859493
POSE 31015 1488465254.121506853 0.009302112
POSE 31016 1488465254.131525107 0.009273984
POSE 31017 1488465254.141470492 0.009338105
POSE 31018 1488465254.151818466 0.009434852
POSE 31019 1488465254.161559108 0.009271808
POSE 31020 1488465254.171527325 0.009278588
POSE 31021 1488465254.181813466 0.009015119
POSE 31022 1488465254.191518245 0.009872453
POSE 31023 1488465254.201492651 0.009345997
POSE 31024 1488465254.211710411 0.009093405
POSE 31025 1488465254.221724354 0.009080016
POSE 31026 1488465254.231492511 0.009853685
POSE 31027 1488465254.241488822 0.009315243
POSE 31028 1488465254.251487761 0.009318335
POSE 31029 1488465254.261504966 0.009317940
POSE 31030 1488465254.271518198 0.009813910
POSE 31031 1488465254.281629932 0.009200441
POSE 31032 1488465254.291504745 0.009352970
