POSE 51486 1488465458.831732410 0.007359107
POSE 51487 1488465458.841403647 0.008150545
POSE 51488 1488465458.851726251 0.007374330
POSE 51489 1488465458.861430893 0.007704233
POSE 51490 1488465458.871433488 0.007673596
POSE 51491 1488465458.881448742 0.008396065
POSE 51492 1488465458.891889690 0.007189698
POSE 51493 1488465458.901863346 0.007219770
POSE 51494 1488465458.911830639 0.007252235
POSE 51495 1488465458.921802583 0.008011849
POSE 51496 1488465458.931490418 0.007612166
POSE 51497 1488465458.941709075 0.007412775
POSE 51498 1488465458.951470270 0.007628047
POSE 51499 1488465458.961475169 0.008544920
POSE 51500 1488465458.971715218 0.007402582
POSE 51501 1488465458.981470403 0.007623285
POSE 51502 1488465458.991479902 0.007736304
POSE 51503 1488465459.001736477 0.007888978
POSE 51504 1488465459.011480951 0.007618360
POSE 51505 1488465459.021497397 0.007585734
POSE 51506 1488465459.031505699 0.007578489
POSE 51507 1488465459.041483129 0.008125317
POSE 51508 1488465459.051518440 0.007585991
POSE 51509 1488465459.061699466 0.007400037
POSE 51510 1488465459.071697677 0.007386834
POSE 51511 1488465459.081389617 0.008303427
POSE 51512 1488465459.091449932 0.007654579
POSE 51513 1488465459.101487236 0.007619263
POSE 51514 1488465459.111514655 0.007570183
POSE 51516 1488465459.131490864 0.000603556
POSE 51517 1488465459.141470647 0.007632722
POSE 51518 1488465459.151510818 0.007589593
POSE 51519 1488465459.161488871 0.008064780
POSE 51520 1488465459.171481723 0.007656107
POSE 51521 1488465459.181554251 0.007534382
POSE 51522 1488465459.191717160 0.007364692
POSE 51523 1488465459.201781050 0.008246474
POSE 51524 1488465459.211503793 0.007580687
POSE 51525 1488465459.221480643 0.007624345
POSE 51526 1488465459.231480902 0.007601422
POSE 51527 1488465459.241466157 0.008209019
POSE 51528 1488465459.251504326 0.007577336
POSE 51529 1488465459.261467850 0.007616549
POSE 51530 1488465459.271716676 0.007385883
POSE 51531 1488465459.281672922 0.008133713
POSE 51532 1488465459.291477825 0.007612845
POSE 51533 1488465459.301698891 0.007370422
POSE 51535 1488465459.321462808 0.001204526
POSE 51536 1488465459.331493574 0.007627942
POSE 51537 1488465459.341700142 0.009560907
POSE 51538 1488465459.351473330 0.007607612
POSE 51539 1488465459.361505320 0.008175921
POSE 51540 1488465459.371479120 0.007605467
POSE 51541 1488465459.381516547 0.007567318
POSE 51542 1488465459.391502983 0.009715898
POSE 51543 1488465459.401556023 0.008015928
POSE 51544 1488465459.411513211 0.007609876
POSE 51545 1488465459.421594118 0.007487812
POSE 51546 1488465459.431517390 0.007633683
POSE 51547 1488465459.441508674 0.008446856
POSE 51548 1488465459.451478236 0.007613729
POSE 51549 1488465459.461726917 0.007375715
POSE 51550 1488465459.471699937 0.007439649
POSE 51551 1488465459.481597126 0.007958655
POSE 51552 1488465459.491436569 0.007645584
POSE 51553 1488465459.501455394 0.007645928
POSE 51554 1488465459.511461460 0.007601052
POSE 51555 1488465459.521457550 0.008122180
POSE 51556 1488465459.531440844 0.007640621
POSE 51557 1488465459.541867666 0.007267105
POSE 51558 1488465459.551479387 0.007601530
POSE 51559 1488465459.561491895 0.008011280
POSE 51560 1488465459.571631982 0.007467977
POSE 51561 1488465459.581603335 0.007478044
POSE 51562 1488465459.591544872 0.007560042
POSE 51563 1488465459.601527873 0.008060006
POSE 51564 1488465459.611536283 0.007574285
POSE 51565 1488465459.621541530 0.007540070
POSE 51566 1488465459.631474653 0.007608871
POSE 51567 1488465459.641499685 0.008031751
POSE 51568 1488465459.651512638 0.007567471
POSE 51569 1488465459.661416456 0.007669660
POSE 51570 1488465459.671464773 0.009598417
POSE 51571 1488465459.681489009 0.008025083
POSE 51572 1488465459.691461246 0.007619017
POSE 51573 1488465459.701439310 0.007684988
POSE 51574 1488465459.711479399 0.007606531
POSE 51576 1488465459.731451802 0.000833233
POSE 51577 1488465459.741772593 0.007325217
POSE 51578 1488465459.751481708 0.007614196
POSE 51579 1488465459.761510295 0.008277473
POSE 51580 1488465459.771421019 0.007667669
POSE 51581 1488465459.781403918 0.010055821
POSE 51582 1488465459.791446663 0.007632871
POSE 51583 1488465459.801650118 0.007833178
POSE 51584 1488465459.811435267 0.007646237
POSE 51585 1488465459.821707606 0.007343976
POSE 51586 1488465459.831514113 0.007570185
POSE 51587 1488465459.841487519 0.008129919
POSE 51588 1488465459.851989804 0.007116062
POSE 51589 1488465459.862135580 0.007003104
POSE 51590 1488465459.872014740 0.007143421
POSE 51591 1488465459.881574538 0.008670777
POSE 51592 1488465459.891478076 0.007653747
POSE 51593 1488465459.901452007 0.007651826
POSE 51594 1488465459.911487917 0.007674563
POSE 51596 1488465459.931512382 0.003533345
POSE 51597 1488465459.941494337 0.007593900
POSE 51598 1488465459.951510707 0.007592362
POSE 51599 1488465459.961530591 0.008070785
POSE 51600 1488465459.971503652 0.009493081
POSE 51601 1488465459.981502722 0.007578544
POSE 51602 1488465459.991531631 0.007567696
POSE 51603 1488465460.001528797 0.008128522
POSE 51604 1488465460.011528995 0.007581053
POSE 51605 1488465460.021498466 0.007597484
POSE 51606 1488465460.031473576 0.010363297
POSE 51607 1488465460.041481970 0.008469950
POSE 51608 1488465460.051474012 0.007645665
POSE 51609 1488465460.061499810 0.007608268
POSE 51610 1488465460.071456310 0.007666908
POSE 51611 1488465460.081468896 0.008493543
POSE 51612 1488465460.091493276 0.007625878
POSE 51613 1488465460.101557265 0.007537700
POSE 51614 1488465460.111488390 0.007598105
POSE 51615 1488465460.121520274 0.008219392
POSE 51616 1488465460.131517215 0.007569400
POSE 51617 1488465460.141537750 0.007548144
POSE 51618 1488465460.151540431 0.007545463
POSE 51619 1488465460.161408889 0.008924859
POSE 51620 1488465460.171477957 0.007693176
POSE 51621 1488465460.181647785 0.007463775
POSE 51622 1488465460.191484291 0.007607720
POSE 51623 1488465460.201434000 0.008556666
POSE 51624 1488465460.211425167 0.007658825
POSE 51625 1488465460.221488925 0.007647327
POSE 51626 1488465460.231451931 0.007654166
POSE 51627 1488465460.241442920 0.010298435
POSE 51628 1488465460.251474156 0.007606112
POSE 51629 1488465460.261482593 0.007602483
POSE 51630 1488465460.271772863 0.007361631
POSE 51631 1488465460.281742984 0.007933814
POSE 51632 1488465460.291734280 0.007379426
POSE 51633 1488465460.301772420 0.007311054
POSE 51634 1488465460.311480297 0.007661689
POSE 51635 1488465460.321517213 0.008206745
POSE 51636 1488465460.331494397 0.007607209
POSE 51637 1488465460.341511648 0.007572020
POSE 51638 1488465460.351514196 0.007569057
POSE 51639 1488465460.361476010 0.008087087
POSE 51640 1488465460.371478371 0.007630037
POSE 51641 1488465460.381509462 0.007596607
POSE 51642 1488465460.391504642 0.007578165
POSE 51643 1488465460.401543460 0.008126144
POSE 51644 1488465460.411470728 0.007614440
POSE 51645 1488465460.421498494 0.007593857
POSE 51646 1488465460.431520220 0.007584326
POSE 51648 1488465460.451464781 0.000572981
POSE 51649 1488465460.461458736 0.007671070
POSE 51650 1488465460.471503182 0.007600999
POSE 51651 1488465460.481760220 0.007824915
POSE 51652 1488465460.491479031 0.007634362
POSE 51653 1488465460.501510642 0.007606023
POSE 51654 1488465460.511523100 0.007588545
POSE 51655 1488465460.521504560 0.008164751
POSE 51656 1488465460.531489001 0.007638791
POSE 51657 1488465460.541480891 0.007621328
POSE 51658 1488465460.551478101 0.007606009
POSE 51659 1488465460.561502433 0.008191719
POSE 51660 1488465460.571439594 0.010252510
POSE 51661 1488465460.581588728 0.007512903
POSE 51662 1488465460.591432088 0.007692291
POSE 51663 1488465460.601441829 0.008201465
POSE 51664 1488465460.611433341 0.007697261
POSE 51665 1488465460.621435945 0.007675105
POSE 51666 1488465460.631456056 0.007629552
POSE 51667 1488465460.641487943 0.008139610
POSE 51668 1488465460.651615428 0.007477206
POSE 51669 1488465460.661481721 0.007633867
POSE 51670 1488465460.671596363 0.007504985
POSE 51671 1488465460.681592154 0.007986711
POSE 51672 1488465460.691573979 0.007539759
POSE 51673 1488465460.701562393 0.007524000
POSE 51674 1488465460.711552273 0.007550702
POSE 51675 1488465460.721576237 0.008183440
POSE 51676 1488465460.731529066 0.007574711
POSE 51677 1488465460.741518651 0.007565678
POSE 51678 1488465460.751505020 0.007588827
POSE 51679 1488465460.761480394 0.008221686
POSE 51680 1488465460.771503601 0.007619894
POSE 51681 1488465460.781524101 0.007583979
POSE 51682 1488465460.791488800 0.007603426
POSE 51683 1488465460.801478252 0.008134621
POSE 51684 1488465460.811455170 0.007650629
POSE 51685 1488465460.821459943 0.007661345
POSE 51686 1488465460.831492308 0.007591083
POSE 51687 1488465460.841470538 0.010327266
POSE 51688 1488465460.851721314 0.007361118
POSE 51689 1488465460.861556986 0.007553585
POSE 51690 1488465460.871677501 0.007453391
POSE 51691 1488465460.881519366 0.008067256
POSE 51692 1488465460.891804386 0.007279740
POSE 51693 1488465460.901777181 0.007331799
POSE 51694 1488465460.911788017 0.007323895
POSE 51695 1488465460.921838893 0.007858865
POSE 51696 1488465460.931818286 0.007285809
POSE 51697 1488465460.941478240 0.007655354
POSE 51698 1488465460.951490943 0.007637574
POSE 51699 1488465460.961486674 0.008140571
POSE 51700 1488465460.971485414 0.007597392
POSE 51701 1488465460.981472966 0.007637904
POSE 51702 1488465460.991470676 0.007616371
POSE 51703 1488465461.001523939 0.008046297
POSE 51704 1488465461.011703917 0.007377740
POSE 51705 1488465461.021520086 0.007565954
POSE 51706 1488465461.031551232 0.007536811
POSE 51707 1488465461.041481318 0.008165313
POSE 51708 1488465461.051503176 0.007582739
POSE 51709 1488465461.061495626 0.007587746
POSE 51710 1488465461.071515626 0.007581626
POSE 51711 1488465461.081850845 0.007706867
POSE 51712 1488465461.091747922 0.007362854
POSE 51713 1488465461.101734289 0.007349490
POSE 51714 1488465461.111738658 0.007343900
POSE 51715 1488465461.121713458 0.008209871
POSE 51716 1488465461.131881662 0.007233874
POSE 51717 1488465461.141652765 0.007440399
POSE 51718 1488465461.151709421 0.007381459
POSE 51719 1488465461.161719575 0.008019271
POSE 51720 1488465461.171681839 0.007442250
POSE 51721 1488465461.181497929 0.007619624
POSE 51722 1488465461.191484220 0.007608659
POSE 51723 1488465461.201691221 0.008146165
POSE 51724 1488465461.211466434 0.007619302
POSE 51725 1488465461.221521610 0.007599956
POSE 51726 1488465461.231481291 0.007606167
POSE 51727 1488465461.241457339 0.008356393
POSE 51728 1488465461.251431254 0.007666897
POSE 51729 1488465461.261501716 0.007587151
POSE 51730 1488465461.271483631 0.007626484
POSE 51731 1488465461.281492181 0.008091012
POSE 51732 1488465461.291508486 0.007575917
POSE 51733 1488465461.301486207 0.007631080
POSE 51734 1488465461.311477937 0.007605568
POSE 51735 1488465461.321472553 0.009923278
POSE 51736 1488465461.331488553 0.007635692
POSE 51737 1488465461.341473713 0.007609677
POSE 51738 1488465461.351488143 0.007646071
POSE 51739 1488465461.361753551 0.007776244
POSE 51740 1488465461.371432684 0.007672862
POSE 51741 1488465461.381443988 0.007659190
POSE 51742 1488465461.391605249 0.007478549
POSE 51743 1488465461.401621955 0.008330245
POSE 51744 1488465461.411676263 0.007378928
POSE 51745 1488465461.421574839 0.007551434
POSE 51746 1488465461.431772614 0.007310231
POSE 51747 1488465461.441584358 0.008004011
POSE 51748 1488465461.451561945 0.007523655
POSE 51749 1488465461.461500616 0.007566433
POSE 51750 1488465461.471530026 0.007586317
POSE 51751 1488465461.481519869 0.008106430
POSE 51752 1488465461.491513546 0.007533949
POSE 51753 1488465461.501503858 0.007578812
POSE 51754 1488465461.511492274 0.007591228
POSE 51755 1488465461.521495814 0.008147936
POSE 51756 1488465461.532150839 0.006940995
POSE 51757 1488465461.541834948 0.007281428
POSE 51758 1488465461.551565419 0.007533715
POSE 51759 1488465461.561572343 0.008145709
POSE 51760 1488465461.571493647 0.007591610
POSE 51761 1488465461.581594189 0.007530084
POSE 51763 1488465461.601529458 0.001260505
POSE 51764 1488465461.611511707 0.007575759
POSE 51765 1488465461.621562335 0.007495521
POSE 51766 1488465461.631536620 0.007542691
POSE 51767 1488465461.641472756 0.008029543
POSE 51768 1488465461.651738329 0.007383009
POSE 51769 1488465461.661767978 0.007342782
POSE 51770 1488465461.671734624 0.007384516
POSE 51771 1488465461.681494801 0.008503657
POSE 51772 1488465461.691480915 0.007606796
POSE 51773 1488465461.701452052 0.007635390
POSE 51774 1488465461.711486738 0.007606063
POSE 51775 1488465461.721494763 0.008226792
POSE 51776 1488465461.731504921 0.007583589
POSE 51777 1488465461.741597350 0.007486657
POSE 51778 1488465461.751441162 0.007713148
POSE 51779 1488465461.761476339 0.008090738
POSE 51780 1488465461.771478537 0.007602737
POSE 51781 1488465461.781613101 0.007470892
POSE 51782 1488465461.791750279 0.007352596
POSE 51783 1488465461.801501241 0.008287235
POSE 51784 1488465461.811629748 0.007479398
POSE 51785 1488465461.821492695 0.007608423
POSE 51786 1488465461.831496410 0.007584836
POSE 51787 1488465461.841481663 0.008067147
POSE 51788 1488465461.851416603 0.007707572
POSE 51789 1488465461.861456815 0.007650396
POSE 51790 1488465461.871486540 0.007602103
POSE 51791 1488465461.881499929 0.008430124
POSE 51792 1488465461.891549562 0.007543846
POSE 51793 1488465461.901500712 0.007595082
POSE 51794 1488465461.911596100 0.007493000
POSE 51795 1488465461.921489729 0.008186750
POSE 51796 1488465461.931465670 0.007647584
POSE 51797 1488465461.941513018 0.007575714
POSE 51798 1488465461.951503922 0.007587432
POSE 51799 1488465461.961722056 0.007792714
POSE 51800 1488465461.971485202 0.007635999
POSE 51801 1488465461.981475712 0.007625323
POSE 51802 1488465461.991508716 0.007573024
POSE 51803 1488465462.001509027 0.008072835
POSE 51804 1488465462.011445816 0.009918934
POSE 51805 1488465462.021674636 0.007427406
POSE 51806 1488465462.031503061 0.007579973
POSE 51807 1488465462.041477386 0.008091072
POSE 51808 1488465462.051511940 0.007572684
POSE 51809 1488465462.061639055 0.007470167
POSE 51810 1488465462.071440916 0.007642203
POSE 51811 1488465462.081488869 0.008061948
POSE 51812 1488465462.091461684 0.007620202
POSE 51813 1488465462.101492544 0.007596331
POSE 51814 1488465462.111639784 0.007450511
POSE 51815 1488465462.121474870 0.008220235
POSE 51816 1488465462.131474052 0.007587997
POSE 51817 1488465462.141487932 0.007594234
POSE 51818 1488465462.151478121 0.007624338
POSE 51819 1488465462.161590711 0.007985539
POSE 51820 1488465462.171605016 0.007507911
POSE 51821 1488465462.181513834 0.007617538
POSE 51822 1488465462.191502429 0.007600950
POSE 51823 1488465462.201707160 0.007818223
POSE 51824 1488465462.211487839 0.007595751
POSE 51825 1488465462.221482027 0.007584279
POSE 51826 1488465462.231499793 0.007581169
POSE 51827 1488465462.241489638 0.008013038
POSE 51828 1488465462.251714481 0.007369656
POSE 51830 1488465462.271473641 0.000778306
POSE 51831 1488465462.281515726 0.008009243
POSE 51832 1488465462.291504570 0.007597118
POSE 51833 1488465462.301721571 0.007386951
POSE 51834 1488465462.311489840 0.007593224
POSE 51835 1488465462.321473509 0.008130080
POSE 51836 1488465462.331458044 0.007644544
POSE 51837 1488465462.341507256 0.007595504
POSE 51838 1488465462.351461200 0.007625579
POSE 51839 1488465462.361511239 0.008100054
POSE 51840 1488465462.371476166 0.007586649
POSE 51841 1488465462.381483919 0.007613207
POSE 51842 1488465462.391480473 0.007601576
POSE 51843 1488465462.401491912 0.008087538
POSE 51844 1488465462.411504511 0.007576332
POSE 51845 1488465462.421497191 0.007618668
POSE 51846 1488465462.431497192 0.007620701
POSE 51847 1488465462.441486150 0.010140608
POSE 51848 1488465462.451473376 0.007607485
POSE 51849 1488465462.461495418 0.007586999
POSE 51850 1488465462.471699467 0.007410846
POSE 51851 1488465462.481482292 0.008112602
POSE 51852 1488465462.491509771 0.007571984
POSE 51853 1488465462.501493565 0.007597215
POSE 51854 1488465462.511492054 0.007594242
POSE 51855 1488465462.521492075 0.008277270
POSE 51856 1488465462.531744389 0.007341075
POSE 51857 1488465462.541731354 0.007389136
POSE 51858 1488465462.551531793 0.007587388
POSE 51859 1488465462.561507624 0.008319202
POSE 51860 1488465462.571480663 0.007681099
POSE 51861 1488465462.581506232 0.007579123
POSE 51862 1488465462.591501957 0.007582862
POSE 51863 1488465462.601494616 0.008248876
POSE 51864 1488465462.611476806 0.007631080
POSE 51865 1488465462.621503281 0.007624115
POSE 51866 1488465462.631502973 0.007606513
POSE 51867 1488465462.641546028 0.008031789
POSE 51868 1488465462.651505910 0.007625060
POSE 51869 1488465462.661510716 0.007570889
POSE 51870 1488465462.671506159 0.007598044
POSE 51871 1488465462.681532178 0.008101514
POSE 51872 1488465462.691520029 0.007561340
POSE 51873 1488465462.701524178 0.007575100
POSE 51874 1488465462.711532440 0.007605500
POSE 51875 1488465462.721557789 0.008645050
POSE 51876 1488465462.731533689 0.007599976
POSE 51878 1488465462.751482753 0.001260503
POSE 51879 1488465462.761514038 0.008029705
POSE 51880 1488465462.771510564 0.007592700
POSE 51881 1488465462.781493517 0.007548839
POSE 51882 1488465462.791522313 0.009805840
POSE 51883 1488465462.801526881 0.007926878
POSE 51884 1488465462.811485569 0.007598313
POSE 51885 1488465462.821470289 0.007631324
POSE 51886 1488465462.831464803 0.007617181
POSE 51887 1488465462.841454037 0.008070711
POSE 51888 1488465462.851461608 0.007654261
POSE 51889 1488465462.861460243 0.007641361
POSE 51890 1488465462.871445011 0.007643670
POSE 51891 1488465462.881448973 0.008187652
POSE 51892 1488465462.891443782 0.007673200
POSE 51893 1488465462.901411555 0.007687980
POSE 51894 1488465462.911508279 0.007619557
POSE 51895 1488465462.921630109 0.008112525
POSE 51896 1488465462.931448947 0.007610148
POSE 51897 1488465462.941443114 0.007643727
POSE 51898 1488465462.951479164 0.007612835
POSE 51899 1488465462.961483106 0.008424464
POSE 51900 1488465462.971651049 0.007441617
POSE 51901 1488465462.981470662 0.007640552
POSE 51902 1488465462.991491964 0.007597219
POSE 51903 1488465463.001416750 0.008346552
POSE 51904 1488465463.011436434 0.007618119
POSE 51905 1488465463.021453122 0.007628825
POSE 51906 1488465463.031481307 0.007622968
POSE 51907 1488465463.041472233 0.010333264
POSE 51908 1488465463.051713488 0.007374415
POSE 51909 1488465463.061495264 0.007611468
POSE 51910 1488465463.071672284 0.007418053
POSE 51911 1488465463.081486511 0.008044336
POSE 51912 1488465463.091903073 0.009089891
POSE 51913 1488465463.102017656 0.007064824
POSE 51914 1488465463.111963369 0.007097423
POSE 51915 1488465463.121830857 0.008135945
POSE 51916 1488465463.131780672 0.007306262
POSE 51917 1488465463.141809913 0.007282927
POSE 51918 1488465463.151769345 0.007291408
POSE 51919 1488465463.161732156 0.007912952
POSE 51920 1488465463.171790079 0.007293579
POSE 51921 1488465463.181853964 0.007196726
POSE 51922 1488465463.191614524 0.007468651
POSE 51923 1488465463.201531383 0.008233976
POSE 51924 1488465463.211804634 0.007282049
POSE 51925 1488465463.221713169 0.007368741
POSE 51926 1488465463.231726594 0.007367874
POSE 51927 1488465463.241847333 0.007686022
POSE 51928 1488465463.251702950 0.007380066
POSE 51929 1488465463.261735512 0.007338242
POSE 51930 1488465463.271705813 0.007404262
POSE 51931 1488465463.281484789 0.008112076
POSE 51932 1488465463.291519839 0.007597238
POSE 51933 1488465463.301522097 0.007566628
POSE 51934 1488465463.311432822 0.007650669
POSE 51935 1488465463.321442618 0.008109534
POSE 51936 1488465463.331601078 0.007482777
POSE 51937 1488465463.341590185 0.007558802
POSE 51938 1488465463.351436168 0.007685758
POSE 51939 1488465463.361445184 0.008049324
POSE 51940 1488465463.371463500 0.007673786
POSE 51941 1488465463.381479929 0.007601683
POSE 51942 1488465463.391597944 0.007484603
POSE 51943 1488465463.401499823 0.008467644
POSE 51944 1488465463.411475868 0.007574883
POSE 51945 1488465463.421514562 0.007569043
POSE 51946 1488465463.431474986 0.007610948
POSE 51947 1488465463.441475676 0.008379290
POSE 51948 1488465463.451475278 0.007620827
POSE 51949 1488465463.461471881 0.007607707
POSE 51950 1488465463.471509639 0.007672573
POSE 51951 1488465463.481522525 0.008105748
POSE 51952 1488465463.491505614 0.007595944
POSE 51953 1488465463.501506111 0.007574396
POSE 51954 1488465463.511429120 0.010260814
POSE 51955 1488465463.521456537 0.008107621
POSE 51956 1488465463.531479965 0.007603889
POSE 51958 1488465463.551514976 0.000861401
POSE 51959 1488465463.561516259 0.008139356
POSE 51960 1488465463.571539279 0.007544807
POSE 51961 1488465463.581495654 0.007587300
POSE 51962 1488465463.591503499 0.007578640
POSE 51963 1488465463.601536024 0.008060578
POSE 51964 1488465463.611483342 0.007598386
POSE 51965 1488465463.621519180 0.007589540
POSE 51966 1488465463.631490793 0.007593973
POSE 51967 1488465463.641489280 0.008084328
POSE 51968 1488465463.651471025 0.007612171
POSE 51969 1488465463.661521534 0.007567361
POSE 51970 1488465463.671511817 0.007590177
POSE 51971 1488465463.681575851 0.007999169
POSE 51972 1488465463.691537409 0.007568746
POSE 51973 1488465463.701543435 0.007541741
POSE 51974 1488465463.711542381 0.007541927
POSE 51975 1488465463.721540033 0.008125488
POSE 51976 1488465463.731544888 0.007532366
POSE 51977 1488465463.741502101 0.007601680
POSE 51978 1488465463.751483208 0.007599385
POSE 51979 1488465463.761491461 0.008104824
POSE 51980 1488465463.771491367 0.007617337
POSE 51981 1488465463.781520107 0.007583777
POSE 51982 1488465463.791694709 0.007432331
POSE 51983 1488465463.801496365 0.008128349
POSE 51984 1488465463.811478062 0.007627741
POSE 51985 1488465463.821468716 0.007613721
POSE 51986 1488465463.831478561 0.007634144
POSE 51987 1488465463.841695416 0.008064447
POSE 51988 1488465463.851459714 0.007624247
POSE 51989 1488465463.861490876 0.007625228
POSE 51990 1488465463.871571336 0.007551977
POSE 51991 1488465463.881565005 0.008027783
POSE 51992 1488465463.891510809 0.007574963
POSE 51993 1488465463.901541531 0.007499732
POSE 51994 1488465463.911492826 0.007654036
