POSE 20317 1488465147.141634343 0.003480493
POSE 20318 1488465147.151462407 0.003656173
POSE 20319 1488465147.161452263 0.006081134
POSE 20320 1488465147.171459633 0.003608258
POSE 20321 1488465147.181514180 0.003588744
POSE 20322 1488465147.191494475 0.003585870
POSE 20323 1488465147.201461103 0.004077016
POSE 20324 1488465147.211442304 0.003667722
POSE 20325 1488465147.221465146 0.003615787
POSE 20326 1488465147.231469328 0.003609838
POSE 20327 1488465147.241466150 0.004268288
POSE 20328 1488465147.251479334 0.003601346
POSE 20329 1488465147.261466495 0.003612851
POSE 20330 1488465147.271477241 0.003603191
POSE 20331 1488465147.281448085 0.007464476
POSE 20332 1488465147.291569956 0.003510797
POSE 20333 1488465147.301545384 0.003543643
POSE 20334 1488465147.311484674 0.003594275
POSE 20335 1488465147.321491266 0.004313420
POSE 20336 1488465147.331483381 0.007195336
POSE 20337 1488465147.341812529 0.003267525
POSE 20338 1488465147.351514566 0.003564974
POSE 20339 1488465147.361479184 0.004346736
POSE 20340 1488465147.371490986 0.003586955
POSE 20341 1488465147.381458815 0.003645245
POSE 20342 1488465147.391682459 0.003412690
POSE 20343 1488465147.401505751 0.004269898
POSE 20344 1488465147.411456191 0.006721566
POSE 20345 1488465147.421501637 0.003577696
POSE 20346 1488465147.431431053 0.003681211
POSE 20347 1488465147.441429049 0.004302665
POSE 20348 1488465147.451458806 0.003622341
POSE 20349 1488465147.461445693 0.003661666
POSE 20350 1488465147.471777735 0.003310383
POSE 20351 1488465147.481465485 0.004313633
POSE 20352 1488465147.491509047 0.003571820
POSE 20353 1488465147.501663188 0.003417017
POSE 20354 1488465147.511476013 0.003632018
POSE 20355 1488465147.521502299 0.004186160
POSE 20356 1488465147.531807686 0.003273460
POSE 20357 1488465147.541716922 0.003362985
POSE 20358 1488465147.551484860 0.003594639
POSE 20359 1488465147.561465806 0.004160198
POSE 20360 1488465147.571443755 0.003665955
POSE 20361 1488465147.581448583 0.003653176
POSE 20362 1488465147.591718582 0.003362873
POSE 20363 1488465147.601690721 0.003882848
POSE 20364 1488465147.611459909 0.003699536
POSE 20365 1488465147.621892541 0.003186872
POSE 20366 1488465147.631836235 0.003261432
POSE 20367 1488465147.641945048 0.003721280
POSE 20368 1488465147.651686396 0.003423315
POSE 20369 1488465147.661685654 0.003420263
POSE 20370 1488465147.671630580 0.003431797
POSE 20371 1488465147.681549912 0.004068479
POSE 20372 1488465147.691443419 0.005505750
POSE 20373 1488465147.701446648 0.003633940
POSE 20374 1488465147.711470163 0.003632563
POSE 20375 1488465147.721435648 0.004249250
POSE 20376 1488465147.731469759 0.005552691
POSE 20377 1488465147.741499530 0.003600302
POSE 20378 1488465147.751494000 0.003595146
POSE 20379 1488465147.761662103 0.003851385
POSE 20380 1488465147.771428970 0.003662108
POSE 20381 1488465147.781472345 0.005531639
POSE 20382 1488465147.791455543 0.003630016
POSE 20383 1488465147.801457361 0.004252886
POSE 20384 1488465147.811447004 0.003640237
POSE 20385 1488465147.821451135 0.003638032
POSE 20386 1488465147.831432662 0.005644115
POSE 20387 1488465147.841465446 0.004247772
POSE 20388 1488465147.851511243 0.003570559
POSE 20389 1488465147.861437018 0.003651716
POSE 20390 1488465147.871464281 0.003643078
POSE 20391 1488465147.881462094 0.007127927
POSE 20392 1488465147.891466989 0.003618149
POSE 20393 1488465147.901425135 0.003664967
POSE 20394 1488465147.911450665 0.005534231
POSE 20395 1488465147.921451222 0.004227373
POSE 20396 1488465147.931435218 0.003646541
POSE 20397 1488465147.941451982 0.003629508
POSE 20398 1488465147.951425657 0.003677671
POSE 20399 1488465147.961423754 0.004554359
POSE 20400 1488465147.971466650 0.003627551
POSE 20401 1488465147.981441879 0.003616934
POSE 20402 1488465147.991476098 0.003610020
POSE 20403 1488465148.001440904 0.004332558
POSE 20404 1488465148.011423638 0.003675021
POSE 20405 1488465148.021439861 0.003651395
POSE 20406 1488465148.031452803 0.003626124
POSE 20407 1488465148.041467334 0.004081420
POSE 20408 1488465148.051444040 0.003634624
POSE 20409 1488465148.061467169 0.003594283
POSE 20410 1488465148.071416642 0.003676777
POSE 20411 1488465148.081657760 0.004013769
POSE 20412 1488465148.091608588 0.003480133
POSE 20413 1488465148.101536301 0.003548259
POSE 20414 1488465148.111536628 0.003572285
POSE 20415 1488465148.121517555 0.004062839
POSE 20416 1488465148.131739067 0.003372152
POSE 20417 1488465148.141480734 0.003622372
POSE 20418 1488465148.151466772 0.003647237
POSE 20419 1488465148.161492945 0.004336602
POSE 20420 1488465148.171484363 0.003596047
POSE 20421 1488465148.181510242 0.003593291
POSE 20422 1488465148.191446697 0.003643701
POSE 20423 1488465148.201435656 0.004210446
POSE 20424 1488465148.211466036 0.003615450
POSE 20425 1488465148.221450413 0.003676165
POSE 20426 1488465148.231496830 0.003611340
POSE 20427 1488465148.241505376 0.004055944
POSE 20428 1488465148.251497475 0.005798544
POSE 20429 1488465148.261509004 0.003566618
POSE 20430 1488465148.271451808 0.003654656
POSE 20431 1488465148.281444548 0.004133230
POSE 20432 1488465148.291561272 0.003520059
POSE 20433 1488465148.301453902 0.005867506
POSE 20434 1488465148.311626177 0.003490985
POSE 20435 1488465148.322037432 0.003698338
POSE 20436 1488465148.331862385 0.003237877
POSE 20437 1488465148.342207777 0.004886331
POSE 20438 1488465148.351725580 0.003353733
POSE 20439 1488465148.361674416 0.003972382
POSE 20440 1488465148.371649528 0.003454141
POSE 20441 1488465148.381470572 0.003636587
POSE 20442 1488465148.391608065 0.003471144
POSE 20443 1488465148.401521741 0.004063206
POSE 20444 1488465148.411515381 0.003592541
POSE 20445 1488465148.421544254 0.005454233
POSE 20446 1488465148.431488111 0.003609322
POSE 20447 1488465148.441450472 0.004073924
POSE 20448 1488465148.451472346 0.005509889
POSE 20449 1488465148.461470971 0.003609665
POSE 20450 1488465148.471459430 0.003626510
POSE 20451 1488465148.481456724 0.006211677
POSE 20452 1488465148.491446507 0.003643339
POSE 20453 1488465148.501707137 0.003383138
POSE 20454 1488465148.511707975 0.003389909
POSE 20455 1488465148.521677207 0.003911574
POSE 20456 1488465148.531694145 0.003427299
POSE 20457 1488465148.541676662 0.003410475
POSE 20458 1488465148.551603982 0.003514951
POSE 20459 1488465148.561437179 0.004035668
POSE 20460 1488465148.571429251 0.003677387
POSE 20461 1488465148.581455759 0.005546076
POSE 20462 1488465148.591457215 0.003626328
POSE 20463 1488465148.601478547 0.004641728
POSE 20464 1488465148.611644064 0.003405846
POSE 20465 1488465148.621508177 0.003640533
POSE 20466 1488465148.631460470 0.007589731
POSE 20467 1488465148.641486629 0.004503553
POSE 20468 1488465148.651729591 0.003354328
POSE 20469 1488465148.661779698 0.003303711
POSE 20470 1488465148.671786365 0.003298692
POSE 20471 1488465148.681812688 0.007563632
POSE 20472 1488465148.691745110 0.003343379
POSE 20473 1488465148.701928591 0.003154548
POSE 20474 1488465148.711433271 0.003649456
POSE 20475 1488465148.721484684 0.003985866
POSE 20476 1488465148.731444348 0.005644483
POSE 20477 1488465148.741505521 0.003574680
POSE 20478 1488465148.751460915 0.003649642
POSE 20479 1488465148.761466730 0.004149943
POSE 20480 1488465148.771481867 0.003596981
POSE 20481 1488465148.781503195 0.003550679
POSE 20482 1488465148.791469694 0.003607378
POSE 20483 1488465148.801488200 0.006372217
POSE 20484 1488465148.811468879 0.003748494
POSE 20485 1488465148.821486801 0.003623592
POSE 20486 1488465148.831471479 0.003644518
POSE 20487 1488465148.841466978 0.004309084
POSE 20488 1488465148.851481200 0.007081498
POSE 20489 1488465148.861455050 0.003665478
POSE 20490 1488465148.871455290 0.003682110
POSE 20491 1488465148.881661059 0.004112009
POSE 20492 1488465148.891479396 0.003642728
POSE 20493 1488465148.901714844 0.003403057
POSE 20494 1488465148.911424343 0.005764893
POSE 20495 1488465148.921504847 0.004003673
POSE 20496 1488465148.931463789 0.003599642
POSE 20497 1488465148.941447747 0.003653811
POSE 20498 1488465148.951452757 0.003627106
POSE 20499 1488465148.961750458 0.003786520
POSE 20500 1488465148.971720207 0.003379298
POSE 20501 1488465148.981935457 0.005062294
POSE 20502 1488465148.991924761 0.003155056
POSE 20503 1488465149.001706651 0.004185614
POSE 20504 1488465149.011420815 0.003685443
POSE 20505 1488465149.021452558 0.003649913
POSE 20506 1488465149.031456123 0.006769790
POSE 20507 1488465149.041452070 0.004385018
POSE 20508 1488465149.051461907 0.003677396
POSE 20509 1488465149.061452375 0.003635601
POSE 20510 1488465149.071541075 0.003519214
POSE 20511 1488465149.081471184 0.006044628
POSE 20512 1488465149.091451154 0.003648632
POSE 20513 1488465149.101548704 0.003522576
POSE 20514 1488465149.111487279 0.005495093
POSE 20515 1488465149.121707986 0.003755415
POSE 20516 1488465149.131797983 0.003377622
POSE 20517 1488465149.141675210 0.003424831
POSE 20518 1488465149.151664188 0.003434294
POSE 20519 1488465149.161669615 0.006849933
POSE 20520 1488465149.171659697 0.003462887
POSE 20521 1488465149.181632200 0.003475878
POSE 20522 1488465149.191621698 0.003482918
POSE 20523 1488465149.201637711 0.004055071
POSE 20524 1488465149.211606225 0.003484713
POSE 20525 1488465149.221551774 0.003558556
POSE 20526 1488465149.231618091 0.003485057
POSE 20527 1488465149.241651341 0.003960282
POSE 20528 1488465149.251534567 0.003546853
POSE 20529 1488465149.261697180 0.003383972
POSE 20530 1488465149.271543592 0.003536397
POSE 20531 1488465149.281493290 0.006530880
POSE 20532 1488465149.291499798 0.003579511
POSE 20533 1488465149.301498073 0.003628142
POSE 20534 1488465149.311500150 0.003597749
POSE 20535 1488465149.321518237 0.004293944
POSE 20536 1488465149.331493341 0.005558389
POSE 20537 1488465149.341452146 0.003635035
POSE 20538 1488465149.351475196 0.003628040
POSE 20539 1488465149.361497710 0.004092551
POSE 20540 1488465149.371526443 0.003607785
POSE 20541 1488465149.381632735 0.006570727
POSE 20542 1488465149.391508833 0.003576653
POSE 20543 1488465149.401475744 0.004076657
POSE 20544 1488465149.411484494 0.003597575
POSE 20545 1488465149.421542296 0.003539944
POSE 20546 1488465149.431507219 0.005537778
POSE 20547 1488465149.441505990 0.004001463
POSE 20548 1488465149.451460041 0.003620682
POSE 20549 1488465149.461499217 0.003582284
POSE 20550 1488465149.471507260 0.003574632
POSE 20551 1488465149.481585757 0.007435299
POSE 20552 1488465149.491489121 0.003593384
POSE 20553 1488465149.501483361 0.003583844
POSE 20554 1488465149.511476351 0.003662067
POSE 20555 1488465149.521441233 0.004138561
POSE 20556 1488465149.531494567 0.003605724
POSE 20557 1488465149.541598788 0.003493050
POSE 20558 1488465149.551612331 0.005938723
POSE 20559 1488465149.561564132 0.004093057
POSE 20560 1488465149.571580081 0.003515849
POSE 20561 1488465149.581501186 0.003582664
POSE 20562 1488465149.591448048 0.003633799
POSE 20563 1488465149.601452953 0.005950490
POSE 20564 1488465149.611538264 0.003559621
POSE 20565 1488465149.621559843 0.003520157
POSE 20566 1488465149.631540901 0.003524538
POSE 20567 1488465149.641543289 0.004074598
POSE 20568 1488465149.651419071 0.005828397
POSE 20569 1488465149.661451497 0.003630141
POSE 20570 1488465149.671437085 0.003672182
POSE 20571 1488465149.681421622 0.006283354
POSE 20572 1488465149.691463694 0.003612974
POSE 20573 1488465149.701451644 0.003597979
POSE 20574 1488465149.711435737 0.003726693
POSE 20575 1488465149.721422400 0.004137938
POSE 20576 1488465149.731478354 0.003629783
POSE 20577 1488465149.741499308 0.003587776
POSE 20578 1488465149.751707410 0.003380660
POSE 20579 1488465149.761705111 0.004186322
POSE 20580 1488465149.771522183 0.003564060
POSE 20581 1488465149.781495196 0.003546399
POSE 20582 1488465149.791497102 0.003603311
POSE 20583 1488465149.801610104 0.003994034
POSE 20584 1488465149.811474929 0.003700900
POSE 20585 1488465149.821385969 0.003694421
POSE 20586 1488465149.831627623 0.003453402
POSE 20587 1488465149.841446388 0.004342270
POSE 20588 1488465149.851437200 0.003671452
POSE 20589 1488465149.861666828 0.003414405
POSE 20590 1488465149.871438404 0.003641940
POSE 20591 1488465149.881484293 0.007382311
POSE 20592 1488465149.891477680 0.003602108
POSE 20593 1488465149.901451753 0.003626686
POSE 20594 1488465149.911467012 0.003649955
POSE 20595 1488465149.921462344 0.004244441
POSE 20596 1488465149.931459398 0.006019870
POSE 20597 1488465149.941564488 0.003536033
POSE 20598 1488465149.951562985 0.003516629
POSE 20599 1488465149.961556303 0.003970078
POSE 20600 1488465149.971515096 0.003563739
POSE 20601 1488465149.981532642 0.003546434
POSE 20602 1488465149.991505284 0.003573391
POSE 20603 1488465150.001537515 0.003974993
POSE 20604 1488465150.011412772 0.003668670
POSE 20605 1488465150.021444121 0.003636737
POSE 20606 1488465150.031479225 0.003600430
POSE 20607 1488465150.041434252 0.004089526
POSE 20608 1488465150.051432291 0.003666335
POSE 20609 1488465150.061692744 0.003386445
POSE 20610 1488465150.071429261 0.003714295
POSE 20611 1488465150.081622762 0.004268253
POSE 20612 1488465150.091552655 0.003516349
POSE 20613 1488465150.101453055 0.003652105
POSE 20614 1488465150.111452646 0.003657206
POSE 20615 1488465150.121451147 0.004083112
POSE 20616 1488465150.131463735 0.003634191
POSE 20617 1488465150.141497250 0.003583294
POSE 20618 1488465150.151439079 0.005559871
POSE 20619 1488465150.161442698 0.004110027
POSE 20620 1488465150.171464826 0.003635740
POSE 20621 1488465150.181488984 0.003590493
POSE 20622 1488465150.191698422 0.003380182
POSE 20623 1488465150.201545158 0.006310331
POSE 20624 1488465150.211533526 0.003549182
POSE 20625 1488465150.221539706 0.003615555
POSE 20626 1488465150.231457399 0.003641643
POSE 20627 1488465150.241485854 0.004119768
POSE 20628 1488465150.251856550 0.003225395
POSE 20629 1488465150.261841501 0.003236844
POSE 20630 1488465150.271754574 0.003306477
POSE 20631 1488465150.281730720 0.006906981
POSE 20632 1488465150.291779329 0.003323597
POSE 20633 1488465150.301890192 0.003193375
POSE 20634 1488465150.311769642 0.003353571
POSE 20635 1488465150.321914802 0.003681134
POSE 20636 1488465150.331816972 0.005642236
POSE 20637 1488465150.341741985 0.003342379
POSE 20638 1488465150.351842960 0.003234523
POSE 20639 1488465150.361857289 0.004210937
POSE 20640 1488465150.371509212 0.003570868
POSE 20641 1488465150.381496084 0.003611206
POSE 20642 1488465150.391519415 0.005692190
POSE 20643 1488465150.401511166 0.004167261
POSE 20644 1488465150.411474961 0.003636042
POSE 20645 1488465150.421519195 0.003594966
POSE 20646 1488465150.431510521 0.003600798
POSE 20647 1488465150.441472583 0.004394668
POSE 20648 1488465150.451496875 0.003619889
POSE 20649 1488465150.461486268 0.003618752
POSE 20650 1488465150.471447179 0.003640637
POSE 20651 1488465150.481635232 0.004081227
POSE 20652 1488465150.491577669 0.003507503
POSE 20653 1488465150.501455479 0.003627521
POSE 20654 1488465150.511450019 0.003629501
POSE 20655 1488465150.521505786 0.003995409
POSE 20656 1488465150.531462021 0.003691722
POSE 20657 1488465150.541490436 0.003590601
POSE 20658 1488465150.551772025 0.005834604
POSE 20659 1488465150.561601127 0.004119012
POSE 20660 1488465150.571548163 0.003562339
POSE 20661 1488465150.581439825 0.003634937
POSE 20662 1488465150.591439780 0.005823474
POSE 20663 1488465150.601425045 0.004480687
POSE 20664 1488465150.611436403 0.003618507
POSE 20665 1488465150.621461597 0.003641020
POSE 20666 1488465150.631468247 0.005511270
POSE 20667 1488465150.641504196 0.004007039
POSE 20668 1488465150.651436330 0.003615053
POSE 20669 1488465150.661485631 0.003630003
POSE 20670 1488465150.671432477 0.003649389
POSE 20671 1488465150.681520808 0.005897591
POSE 20672 1488465150.691496376 0.003591872
POSE 20673 1488465150.701499320 0.003603393
POSE 20674 1488465150.711479824 0.003628626
POSE 20675 1488465150.721497794 0.004172351
POSE 20676 1488465150.731504460 0.003615535
POSE 20677 1488465150.741469652 0.003586599
POSE 20678 1488465150.751482162 0.003598006
POSE 20679 1488465150.761491953 0.006655367
POSE 20680 1488465150.771497342 0.003591025
POSE 20681 1488465150.781543725 0.003540999
POSE 20682 1488465150.791502458 0.003587657
POSE 20683 1488465150.801509752 0.004016113
POSE 20684 1488465150.811473181 0.003607825
POSE 20685 1488465150.821500441 0.003581097
POSE 20686 1488465150.831478673 0.005821477
POSE 20687 1488465150.841497987 0.004066320
POSE 20688 1488465150.851475297 0.003627149
POSE 20689 1488465150.861484103 0.003597764
POSE 20690 1488465150.871487573 0.005991793
POSE 20691 1488465150.881487394 0.004157142
POSE 20692 1488465150.891481421 0.003599935
POSE 20693 1488465150.901490134 0.003594666
POSE 20694 1488465150.911561504 0.005720343
POSE 20695 1488465150.921556016 0.004142545
POSE 20696 1488465150.931819052 0.003282963
POSE 20697 1488465150.941536436 0.003540809
POSE 20698 1488465150.951530783 0.005450637
POSE 20699 1488465150.961400945 0.004156031
POSE 20700 1488465150.971452583 0.003654184
POSE 20701 1488465150.981459200 0.005568974
POSE 20702 1488465150.991532294 0.003548212
POSE 20703 1488465151.001434657 0.004143258
POSE 20704 1488465151.011468173 0.003612376
POSE 20705 1488465151.021526513 0.003580146
POSE 20706 1488465151.031476858 0.005841534
POSE 20707 1488465151.041439611 0.004679240
POSE 20708 1488465151.051450367 0.003654946
POSE 20709 1488465151.061448908 0.003632889
POSE 20710 1488465151.071635147 0.003468781
POSE 20711 1488465151.081457691 0.006494584
POSE 20712 1488465151.091556808 0.003555727
POSE 20713 1488465151.101457183 0.003625412
POSE 20714 1488465151.111449109 0.003658587
POSE 20715 1488465151.121476794 0.004101511
POSE 20716 1488465151.131454480 0.003642230
POSE 20717 1488465151.141481637 0.003589422
POSE 20718 1488465151.151425085 0.005637086
POSE 20719 1488465151.161431371 0.004074128
POSE 20720 1488465151.171432925 0.003664353
POSE 20721 1488465151.181428460 0.003630144
POSE 20722 1488465151.191438409 0.003661263
POSE 20723 1488465151.201467991 0.005877503
POSE 20724 1488465151.211430452 0.003633476
POSE 20725 1488465151.221460324 0.003658882
POSE 20726 1488465151.231460804 0.006142294
POSE 20727 1488465151.241434346 0.004169777
POSE 20728 1488465151.251434137 0.003668435
POSE 20729 1488465151.261460447 0.003638516
POSE 20730 1488465151.271441797 0.003666464
POSE 20731 1488465151.281442490 0.004119297
POSE 20732 1488465151.291491197 0.003590513
POSE 20733 1488465151.301474579 0.003616106
POSE 20734 1488465151.311480952 0.003571668
POSE 20735 1488465151.321455929 0.004065179
POSE 20736 1488465151.331456930 0.003642184
POSE 20737 1488465151.341453334 0.003627405
POSE 20738 1488465151.351453490 0.005534483
POSE 20739 1488465151.361435920 0.004352362
POSE 20740 1488465151.371457961 0.003621067
POSE 20741 1488465151.381447576 0.005819179
POSE 20742 1488465151.391456505 0.003623849
POSE 20743 1488465151.401426542 0.004051500
POSE 20744 1488465151.411427242 0.003660897
POSE 20745 1488465151.421738987 0.003369037
POSE 20746 1488465151.431463604 0.006855911
POSE 20747 1488465151.441496994 0.004125450
POSE 20748 1488465151.451464447 0.003617344
POSE 20749 1488465151.461458177 0.003650384
POSE 20750 1488465151.471448686 0.003645486
POSE 20751 1488465151.481500389 0.004112837
POSE 20752 1488465151.491485521 0.003584200
POSE 20753 1488465151.501489760 0.003588985
POSE 20754 1488465151.511651242 0.003457966
POSE 20755 1488465151.521457566 0.004139406
POSE 20756 1488465151.531441417 0.003656821
POSE 20757 1488465151.541631248 0.003449981
POSE 20758 1488465151.551440520 0.005609036
POSE 20759 1488465151.561447477 0.004209749
POSE 20760 1488465151.571463175 0.003583790
POSE 20761 1488465151.581433325 0.003650019
POSE 20762 1488465151.591661655 0.003419165
POSE 20763 1488465151.601629785 0.005990984
POSE 20764 1488465151.611467852 0.003611354
POSE 20765 1488465151.621483047 0.003585426
POSE 20766 1488465151.631436667 0.003638535
POSE 20767 1488465151.641635108 0.004029847
POSE 20768 1488465151.651473728 0.006652277
POSE 20769 1488465151.661464565 0.003640975
POSE 20770 1488465151.671651260 0.003422324
POSE 20771 1488465151.681439226 0.005936429
POSE 20772 1488465151.691466675 0.003612077
POSE 20773 1488465151.701454495 0.003630587
POSE 20774 1488465151.711422850 0.003682375
POSE 20775 1488465151.721476746 0.004057799
POSE 20776 1488465151.731460307 0.003699434
POSE 20777 1488465151.741493919 0.003586774
POSE 20778 1488465151.751576047 0.003504617
POSE 20779 1488465151.761524936 0.004006826
POSE 20780 1488465151.771479382 0.003629696
POSE 20781 1488465151.781506642 0.003577039
POSE 20782 1488465151.791467701 0.003612261
POSE 20783 1488465151.801404813 0.005963152
POSE 20784 1488465151.811449108 0.003637158
POSE 20785 1488465151.821439560 0.003683100
POSE 20786 1488465151.831523726 0.003576609
POSE 20787 1488465151.841742558 0.003754201
POSE 20788 1488465151.851706662 0.005483248
POSE 20789 1488465151.861739589 0.003343965
POSE 20790 1488465151.871780526 0.003298534
POSE 20791 1488465151.881687010 0.003832188
POSE 20792 1488465151.891553670 0.003537176
POSE 20793 1488465151.901487301 0.003622941
POSE 20794 1488465151.911594624 0.005596654
POSE 20795 1488465151.921453958 0.004016434
POSE 20796 1488465151.931447441 0.003586230
POSE 20797 1488465151.941457689 0.003589721
POSE 20798 1488465151.951471786 0.003606501
POSE 20799 1488465151.961449472 0.004054453
POSE 20800 1488465151.971466297 0.003613594
POSE 20801 1488465151.981450092 0.003631023
POSE 20802 1488465151.991438171 0.003667873
POSE 20803 1488465152.001448779 0.004237285
POSE 20804 1488465152.011666211 0.003413173
POSE 20805 1488465152.021647879 0.003450357
POSE 20806 1488465152.031695405 0.003394185
POSE 20807 1488465152.041612155 0.004145835
POSE 20808 1488465152.051623359 0.003484027
POSE 20809 1488465152.061654223 0.003430572
POSE 20810 1488465152.071405133 0.003642566
POSE 20811 1488465152.081580740 0.003958393
POSE 20812 1488465152.091561589 0.003545936
POSE 20813 1488465152.101478167 0.003605796
POSE 20814 1488465152.111517365 0.005429694
POSE 20815 1488465152.121511957 0.003988729
POSE 20816 1488465152.131472778 0.003606822
POSE 20817 1488465152.141488709 0.003610556
POSE 20818 1488465152.151507621 0.005534399
POSE 20819 1488465152.161529727 0.003969485
POSE 20820 1488465152.171494838 0.003584513
POSE 20821 1488465152.181500792 0.003590106
POSE 20822 1488465152.191494759 0.003584875
POSE 20823 1488465152.201465313 0.006053623
POSE 20824 1488465152.211519426 0.003559832
POSE 20825 1488465152.221493430 0.003606053
POSE 20826 1488465152.231484308 0.003577189
POSE 20827 1488465152.241488304 0.003973191
POSE 20828 1488465152.251518574 0.003561808
POSE 20829 1488465152.261517029 0.003562065
POSE 20830 1488465152.271493762 0.003574908
POSE 20831 1488465152.281505221 0.006319976
POSE 20832 1488465152.291431885 0.003670839
POSE 20833 1488465152.301489556 0.003672705
POSE 20834 1488465152.311510385 0.003568693
POSE 20835 1488465152.321491526 0.004042916
POSE 20836 1488465152.331511447 0.005666312
POSE 20837 1488465152.341425895 0.003663308
POSE 20838 1488465152.351467893 0.003691354
POSE 20839 1488465152.361444457 0.004395657
POSE 20840 1488465152.371706244 0.003393512
POSE 20841 1488465152.381485570 0.003596640
POSE 20842 1488465152.391480238 0.003632525
POSE 20843 1488465152.401490120 0.004345094
POSE 20844 1488465152.411438910 0.003642129
POSE 20845 1488465152.421480419 0.003615978
POSE 20846 1488465152.431485049 0.006899019
POSE 20847 1488465152.441475058 0.004243205
POSE 20848 1488465152.451497003 0.003586320
POSE 20849 1488465152.461509320 0.003589593
POSE 20850 1488465152.471502995 0.006708495
POSE 20851 1488465152.481478399 0.004382313
POSE 20852 1488465152.491459330 0.003619054
POSE 20853 1488465152.501484904 0.003595354
POSE 20854 1488465152.511411743 0.003667185
POSE 20855 1488465152.521457221 0.004402808
POSE 20856 1488465152.531434541 0.003643913
POSE 20857 1488465152.541457391 0.003623148
POSE 20858 1488465152.551426400 0.005554751
POSE 20859 1488465152.561443288 0.004052633
POSE 20860 1488465152.571450724 0.003635569
POSE 20861 1488465152.581493896 0.003584537
POSE 20862 1488465152.591503492 0.003576252
POSE 20863 1488465152.601473848 0.004073043
POSE 20864 1488465152.611491196 0.003627535
POSE 20865 1488465152.621557323 0.003529337
POSE 20866 1488465152.631505644 0.005859759
POSE 20867 1488465152.641698772 0.004226595
POSE 20868 1488465152.651638226 0.003416829
POSE 20869 1488465152.661552509 0.003550108
POSE 20870 1488465152.671586415 0.003492891
POSE 20871 1488465152.681561411 0.004101861
POSE 20872 1488465152.691526484 0.003554420
POSE 20873 1488465152.701471575 0.003619484
POSE 20874 1488465152.711766858 0.003314565
POSE 20875 1488465152.721444643 0.004182234
POSE 20876 1488465152.731422219 0.003660983
POSE 20877 1488465152.741510631 0.003590185
POSE 20878 1488465152.751496708 0.003629816
POSE 20879 1488465152.761625192 0.006562442
POSE 20880 1488465152.771441830 0.003628905
POSE 20881 1488465152.781440029 0.003627169
POSE 20882 1488465152.791461776 0.003660920
POSE 20883 1488465152.801431179 0.006033201
POSE 20884 1488465152.811470231 0.003608764
POSE 20885 1488465152.821458533 0.003639008
POSE 20886 1488465152.831687130 0.005243781
POSE 20887 1488465152.841703084 0.003971173
POSE 20888 1488465152.851452064 0.003679268
POSE 20889 1488465152.861487221 0.003619433
POSE 20890 1488465152.871493270 0.003592870
POSE 20891 1488465152.881485721 0.006258682
POSE 20892 1488465152.891462525 0.003620624
POSE 20893 1488465152.901462180 0.003644345
POSE 20894 1488465152.911483263 0.003641890
POSE 20895 1488465152.921437339 0.004430848
POSE 20896 1488465152.931437647 0.005950115
POSE 20897 1488465152.941427573 0.003653874
POSE 20898 1488465152.951406193 0.003681245
POSE 20899 1488465152.961441387 0.004170583
POSE 20900 1488465152.971434593 0.003665362
POSE 20901 1488465152.981464484 0.003621440
POSE 20902 1488465152.991454009 0.003650191
POSE 20903 1488465153.001464157 0.006237302
POSE 20904 1488465153.011437236 0.003662611
POSE 20905 1488465153.021442386 0.003661716
POSE 20906 1488465153.031476764 0.003632232
POSE 20907 1488465153.041471988 0.006326852
POSE 20908 1488465153.051499727 0.003603454
POSE 20909 1488465153.061900897 0.003189630
POSE 20910 1488465153.071734485 0.003351015
POSE 20911 1488465153.081465187 0.006230258
POSE 20912 1488465153.091492821 0.003617245
POSE 20913 1488465153.101447910 0.003638413
POSE 20914 1488465153.111479134 0.003602997
POSE 20915 1488465153.121437090 0.004178138
POSE 20916 1488465153.131474533 0.003686165
POSE 20917 1488465153.141702746 0.003383440
POSE 20918 1488465153.151653756 0.005555159
POSE 20919 1488465153.161598007 0.004000276
POSE 20920 1488465153.171639382 0.003486562
POSE 20921 1488465153.181650848 0.003430716
POSE 20922 1488465153.191624698 0.003460723
POSE 20923 1488465153.201777025 0.005882560
POSE 20924 1488465153.211634312 0.003485743
POSE 20925 1488465153.221602571 0.003483100
POSE 20926 1488465153.231581676 0.005861606
POSE 20927 1488465153.241573981 0.004141184
POSE 20928 1488465153.251612417 0.003514718
POSE 20929 1488465153.261576936 0.003532439
POSE 20930 1488465153.271754142 0.003330786
POSE 20931 1488465153.281616832 0.003985539
POSE 20932 1488465153.291603452 0.003479720
POSE 20933 1488465153.301608932 0.003494356
POSE 20934 1488465153.311602153 0.003549733
POSE 20935 1488465153.321538693 0.004040760
POSE 20936 1488465153.331528634 0.003571713
POSE 20937 1488465153.341787549 0.005500180
POSE 20938 1488465153.351689380 0.003415334
POSE 20939 1488465153.361582918 0.004023068
POSE 20940 1488465153.371530297 0.003571344
POSE 20941 1488465153.381541369 0.003533501
POSE 20942 1488465153.391598962 0.003530373
POSE 20943 1488465153.401582367 0.004119821
POSE 20944 1488465153.411684695 0.003419332
POSE 20945 1488465153.421411598 0.003691289
POSE 20946 1488465153.431418181 0.006268989
POSE 20947 1488465153.441428122 0.004468692
POSE 20948 1488465153.451452491 0.003626547
POSE 20949 1488465153.461452615 0.003626482
POSE 20950 1488465153.471425464 0.003652341
POSE 20951 1488465153.481534228 0.003979845
POSE 20952 1488465153.491644604 0.003433563
POSE 20953 1488465153.501474053 0.003604950
POSE 20954 1488465153.511510741 0.003593358
POSE 20955 1488465153.521496506 0.004162908
POSE 20956 1488465153.531493382 0.003584728
POSE 20957 1488465153.541496495 0.003595051
POSE 20958 1488465153.551519724 0.005938305
POSE 20959 1488465153.561491854 0.004154185
POSE 20960 1488465153.571494753 0.003610235
POSE 20961 1488465153.581480738 0.003599801
POSE 20962 1488465153.591467343 0.003643856
POSE 20963 1488465153.601427879 0.005997441
POSE 20964 1488465153.611454674 0.003625117
POSE 20965 1488465153.621462185 0.003620586
POSE 20966 1488465153.631500151 0.003584440
POSE 20967 1488465153.641446067 0.004098756
POSE 20968 1488465153.651421704 0.006844970
POSE 20969 1488465153.661494334 0.003588234
POSE 20970 1488465153.671448445 0.003638072
POSE 20971 1488465153.681458382 0.004604867
POSE 20972 1488465153.691823482 0.003295053
POSE 20973 1488465153.701779986 0.005436094
POSE 20974 1488465153.711746026 0.003335083
POSE 20975 1488465153.721822675 0.004287387
POSE 20976 1488465153.731882236 0.003216920
POSE 20977 1488465153.741554571 0.003547117
POSE 20978 1488465153.751679928 0.003430080
POSE 20979 1488465153.761568785 0.006392295
POSE 20980 1488465153.771927491 0.003177542
POSE 20981 1488465153.781940995 0.003160552
POSE 20982 1488465153.791942104 0.003138366
POSE 20983 1488465153.801878083 0.003750233
POSE 20984 1488465153.811818294 0.003262374
POSE 20985 1488465153.821489641 0.003611536
POSE 20986 1488465153.831530219 0.003569217
POSE 20987 1488465153.841494383 0.006062092
POSE 20988 1488465153.851475923 0.003601381
POSE 20989 1488465153.861479005 0.003627750
POSE 20990 1488465153.871473499 0.003641158
POSE 20991 1488465153.881514117 0.004149899
POSE 20992 1488465153.891492806 0.003630312
POSE 20993 1488465153.901508903 0.005612432
POSE 20994 1488465153.911497674 0.003593756
POSE 20995 1488465153.921480295 0.003946905
POSE 20996 1488465153.931497303 0.003591777
POSE 20997 1488465153.941470374 0.003608117
POSE 20998 1488465153.951484495 0.003612744
POSE 20999 1488465153.961935840 0.003599921
POSE 21000 1488465153.971925350 0.003149357
POSE 21001 1488465153.981928329 0.003179796
POSE 21002 1488465153.991982572 0.003171150
POSE 21003 1488465154.001858071 0.003689679
POSE 21004 1488465154.011838827 0.003277746
POSE 21005 1488465154.021888645 0.003196783
POSE 21006 1488465154.031736186 0.003345823
POSE 21007 1488465154.041555676 0.004059472
POSE 21008 1488465154.051680198 0.003392731
POSE 21009 1488465154.061504074 0.003591745
POSE 21010 1488465154.071666158 0.003438296
POSE 21011 1488465154.081501830 0.004224438
POSE 21012 1488465154.091521678 0.003665064
POSE 21013 1488465154.101615698 0.005446208
POSE 21014 1488465154.111527751 0.003547191
POSE 21015 1488465154.121504553 0.004097691
POSE 21016 1488465154.131497383 0.005966021
POSE 21017 1488465154.141445743 0.003614365
POSE 21018 1488465154.151442998 0.003669679
POSE 21019 1488465154.161487190 0.004038345
POSE 21020 1488465154.171461448 0.005992586
POSE 21021 1488465154.181461235 0.003638835
POSE 21022 1488465154.191464500 0.003680147
POSE 21023 1488465154.201457952 0.004139537
POSE 21024 1488465154.211483398 0.003555057
POSE 21025 1488465154.221474150 0.003580166
POSE 21026 1488465154.231520819 0.003558900
POSE 21027 1488465154.241481769 0.004270747
POSE 21028 1488465154.251639960 0.003458591
POSE 21029 1488465154.261512292 0.003540426
POSE 21030 1488465154.271454513 0.003641494
POSE 21031 1488465154.281464156 0.004490086
POSE 21032 1488465154.291519787 0.003566230
POSE 21033 1488465154.301476990 0.005760941
POSE 21034 1488465154.311678799 0.003400885
POSE 21035 1488465154.321565454 0.004072811
POSE 21036 1488465154.331489903 0.003616632
POSE 21037 1488465154.341505618 0.003600087
POSE 21038 1488465154.351511094 0.005747449
POSE 21039 1488465154.361512446 0.004085353
POSE 21040 1488465154.371473262 0.003617775
POSE 21041 1488465154.381483780 0.003598449
POSE 21042 1488465154.391530586 0.003553798
POSE 21043 1488465154.401484546 0.006171994
POSE 21044 1488465154.411488764 0.003618814
POSE 21045 1488465154.421464132 0.003641777
POSE 21046 1488465154.431493176 0.003612144
POSE 21047 1488465154.441461242 0.004669856
POSE 21048 1488465154.451469132 0.005555527
POSE 21049 1488465154.461460193 0.003620864
POSE 21050 1488465154.471466776 0.003634343
POSE 21051 1488465154.481423915 0.004130661
POSE 21052 1488465154.491448417 0.006275986
POSE 21053 1488465154.501457658 0.003693493
POSE 21054 1488465154.511443222 0.003661702
POSE 21055 1488465154.521562078 0.003940811
POSE 21056 1488465154.531556263 0.003548806
POSE 21057 1488465154.541517748 0.003584241
POSE 21058 1488465154.551664809 0.003419379
POSE 21059 1488465154.561435271 0.004070069
POSE 21060 1488465154.571487186 0.006506873
POSE 21061 1488465154.581489172 0.003595894
POSE 21062 1488465154.591505262 0.003584997
POSE 21063 1488465154.601482719 0.004156897
POSE 21064 1488465154.611467088 0.003612428
POSE 21065 1488465154.621485328 0.003595209
POSE 21066 1488465154.631437007 0.003665789
POSE 21067 1488465154.641479686 0.004235823
POSE 21068 1488465154.651449182 0.006221838
POSE 21069 1488465154.661448248 0.003631821
POSE 21070 1488465154.671467973 0.003649736
POSE 21071 1488465154.681453794 0.004307199
POSE 21072 1488465154.691487178 0.003616834
POSE 21073 1488465154.701459273 0.006160758
