POSE 1315 1488464599.000290905 0.002496520
POSE 1316 1488464599.010241884 0.002539838
POSE 1317 1488464599.020245764 0.002999840
POSE 1318 1488464599.030159355 0.002620138
POSE 1319 1488464599.040181985 0.002598225
POSE 1320 1488464599.050129447 0.002652193
POSE 1321 1488464599.060090636 0.003227444
POSE 1322 1488464599.070075322 0.002725544
POSE 1323 1488464599.080061562 0.002765292
POSE 1324 1488464599.089982479 0.002800918
POSE 1325 1488464599.099923585 0.003470386
POSE 1326 1488464599.109929015 0.002856651
POSE 1327 1488464599.119909957 0.002894522
POSE 1328 1488464599.129937591 0.002870680
POSE 1329 1488464599.139908946 0.003425247
POSE 1330 1488464599.150019509 0.002827288
POSE 1331 1488464599.159960103 0.002845318
POSE 1332 1488464599.169977446 0.002838156
POSE 1333 1488464599.179906488 0.003453897
POSE 1334 1488464599.189957622 0.004994430
POSE 1335 1488464599.199922756 0.002899773
POSE 1336 1488464599.209985695 0.002815615
POSE 1337 1488464599.219927628 0.003344091
POSE 1338 1488464599.229926476 0.002903923
POSE 1339 1488464599.239891190 0.002913731
POSE 1340 1488464599.249949325 0.002837592
POSE 1341 1488464599.259926503 0.003374488
POSE 1342 1488464599.269922322 0.004961400
POSE 1343 1488464599.279895343 0.002911729
POSE 1344 1488464599.289734297 0.003098023
POSE 1345 1488464599.299937379 0.005655487
POSE 1346 1488464599.309982923 0.002800706
POSE 1347 1488464599.320020995 0.002740724
POSE 1348 1488464599.330138737 0.002669105
POSE 1349 1488464599.339964648 0.003611719
POSE 1350 1488464599.350106274 0.006151644
POSE 1351 1488464599.359962890 0.002864038
POSE 1352 1488464599.369970228 0.002851210
POSE 1353 1488464599.379902711 0.003580409
POSE 1354 1488464599.389832556 0.002980641
POSE 1355 1488464599.399752581 0.005515880
POSE 1356 1488464599.409712169 0.003120449
POSE 1357 1488464599.419782625 0.003616846
POSE 1358 1488464599.429824280 0.005260578
POSE 1359 1488464599.439836261 0.002972215
POSE 1360 1488464599.449698743 0.003153012
POSE 1361 1488464599.459698421 0.003529658
POSE 1362 1488464599.469758665 0.003073146
POSE 1363 1488464599.479732286 0.003093595
POSE 1364 1488464599.489732295 0.003061031
POSE 1365 1488464599.499906895 0.003411505
POSE 1366 1488464599.509729645 0.003096848
POSE 1367 1488464599.519826610 0.002987849
POSE 1368 1488464599.529720596 0.005277942
POSE 1369 1488464599.539778226 0.003452481
POSE 1370 1488464599.549963620 0.002878600
POSE 1371 1488464599.559750482 0.003080879
POSE 1372 1488464599.569706725 0.003101639
POSE 1373 1488464599.579715491 0.005588093
POSE 1374 1488464599.589727135 0.003096605
POSE 1375 1488464599.599763582 0.003077895
POSE 1376 1488464599.609738602 0.003074143
POSE 1377 1488464599.619740576 0.003708258
POSE 1378 1488464599.629714493 0.003132299
POSE 1379 1488464599.639738636 0.003093597
POSE 1380 1488464599.649941640 0.002867002
POSE 1381 1488464599.659984419 0.003435754
POSE 1382 1488464599.669726582 0.005295296
POSE 1383 1488464599.679725328 0.003129218
POSE 1384 1488464599.689708294 0.003121509
POSE 1385 1488464599.699688967 0.003557560
POSE 1386 1488464599.709962086 0.002850109
POSE 1387 1488464599.719729384 0.005577536
POSE 1388 1488464599.729723928 0.003097124
POSE 1389 1488464599.739746885 0.003585284
POSE 1390 1488464599.749742412 0.003063369
POSE 1391 1488464599.759971214 0.002816417
POSE 1392 1488464599.769728549 0.005503427
POSE 1393 1488464599.779913421 0.003385882
POSE 1394 1488464599.789684933 0.003123220
POSE 1395 1488464599.799667875 0.003135572
POSE 1396 1488464599.809721918 0.003081778
POSE 1397 1488464599.819696876 0.003645166
POSE 1398 1488464599.829684214 0.003118847
POSE 1399 1488464599.839691725 0.003117341
POSE 1400 1488464599.849686237 0.003144776
POSE 1401 1488464599.859689013 0.003543893
POSE 1402 1488464599.869668694 0.003160863
POSE 1403 1488464599.879699604 0.003083849
POSE 1404 1488464599.889695924 0.003108500
POSE 1405 1488464599.899675091 0.003632264
POSE 1406 1488464599.909675192 0.003146552
POSE 1407 1488464599.919948385 0.002852602
POSE 1408 1488464599.929783875 0.003041141
POSE 1409 1488464599.939685599 0.003818412
POSE 1410 1488464599.949991842 0.005280098
POSE 1411 1488464599.959834913 0.002948800
POSE 1412 1488464599.969779414 0.003056742
POSE 1413 1488464599.979970407 0.003359249
POSE 1414 1488464599.990048507 0.002841755
POSE 1415 1488464600.000026821 0.005385185
POSE 1416 1488464600.009968731 0.002853940
POSE 1417 1488464600.019953049 0.003515093
POSE 1418 1488464600.029967840 0.002845776
POSE 1419 1488464600.039969916 0.002828872
POSE 1420 1488464600.049976237 0.002869965
POSE 1421 1488464600.059969276 0.008403575
POSE 1422 1488464600.069965803 0.002827272
POSE 1423 1488464600.079930329 0.002864983
POSE 1424 1488464600.090000904 0.002806260
POSE 1425 1488464600.100081664 0.005298638
POSE 1426 1488464600.109951065 0.002857291
POSE 1427 1488464600.119918996 0.002904013
POSE 1428 1488464600.129888987 0.002918060
POSE 1429 1488464600.139834872 0.003426308
POSE 1430 1488464600.149878501 0.005051174
POSE 1431 1488464600.159725579 0.003082967
POSE 1432 1488464600.169711084 0.003083218
POSE 1433 1488464600.179763642 0.003490780
POSE 1434 1488464600.189717232 0.003071698
POSE 1435 1488464600.199719599 0.003100107
POSE 1436 1488464600.209741958 0.003043693
POSE 1437 1488464600.220009059 0.003420368
POSE 1438 1488464600.229903498 0.002919848
POSE 1439 1488464600.239862607 0.002980042
POSE 1440 1488464600.250046916 0.005149349
POSE 1441 1488464600.259874002 0.003432272
POSE 1442 1488464600.269891312 0.002981383
POSE 1443 1488464600.279861485 0.008175754
POSE 1444 1488464600.289877654 0.002918663
POSE 1445 1488464600.299789812 0.004193153
POSE 1446 1488464600.309820912 0.003013776
POSE 1447 1488464600.319777649 0.003074780
POSE 1448 1488464600.329668364 0.003160481
POSE 1449 1488464600.339680565 0.003708278
POSE 1450 1488464600.349680742 0.003141507
POSE 1451 1488464600.360025306 0.002768721
POSE 1452 1488464600.370038829 0.002751767
POSE 1453 1488464600.379977765 0.003410201
POSE 1454 1488464600.389897639 0.002934304
POSE 1455 1488464600.399865990 0.002945983
POSE 1456 1488464600.409842346 0.002962708
POSE 1457 1488464600.419850820 0.003474631
POSE 1458 1488464600.429697201 0.003130680
POSE 1459 1488464600.439762495 0.003054683
POSE 1460 1488464600.449764527 0.003037505
POSE 1461 1488464600.459730282 0.005564642
POSE 1462 1488464600.469756569 0.003064362
POSE 1463 1488464600.479738905 0.003062673
POSE 1464 1488464600.489718918 0.003083247
POSE 1465 1488464600.499750466 0.003479070
POSE 1466 1488464600.509756896 0.003050089
POSE 1467 1488464600.519730877 0.003060199
POSE 1468 1488464600.529850330 0.002953948
POSE 1469 1488464600.539733661 0.003423367
POSE 1470 1488464600.549765034 0.005140285
POSE 1471 1488464600.559742660 0.003058252
POSE 1472 1488464600.569726074 0.003056536
POSE 1473 1488464600.579723803 0.003710507
POSE 1474 1488464600.589958101 0.002829276
POSE 1475 1488464600.600189077 0.004631805
POSE 1476 1488464600.609963724 0.002853985
POSE 1477 1488464600.619912377 0.003377891
POSE 1478 1488464600.629914850 0.002907359
POSE 1479 1488464600.639842255 0.002996339
POSE 1480 1488464600.649871725 0.002988510
POSE 1481 1488464600.659854743 0.003584687
POSE 1482 1488464600.670058662 0.002743040
POSE 1483 1488464600.679861477 0.002970943
POSE 1484 1488464600.689765370 0.003042164
POSE 1485 1488464600.699985078 0.006003954
POSE 1486 1488464600.709903357 0.002911255
POSE 1487 1488464600.719922630 0.002950608
POSE 1488 1488464600.729761788 0.003023581
POSE 1489 1488464600.739853177 0.003477668
POSE 1490 1488464600.749874415 0.002941648
POSE 1491 1488464600.759820926 0.005094303
POSE 1492 1488464600.769723097 0.003125808
POSE 1493 1488464600.780188086 0.003062138
POSE 1494 1488464600.790214863 0.002572318
POSE 1495 1488464600.800186829 0.002619769
POSE 1496 1488464600.810200082 0.004727253
POSE 1497 1488464600.820118663 0.003155274
POSE 1498 1488464600.830122471 0.002683278
POSE 1499 1488464600.840132116 0.002668420
POSE 1500 1488464600.850047109 0.002745555
POSE 1501 1488464600.859991846 0.005492569
POSE 1502 1488464600.869990911 0.002813726
POSE 1503 1488464600.880173902 0.002649047
POSE 1504 1488464600.889980991 0.002816329
POSE 1505 1488464600.900097765 0.003486929
POSE 1506 1488464600.910025114 0.002801625
POSE 1507 1488464600.920021784 0.002786574
POSE 1508 1488464600.929979153 0.002817265
POSE 1509 1488464600.939961706 0.005500320
POSE 1510 1488464600.949958243 0.002870527
POSE 1511 1488464600.959933368 0.002890948
POSE 1512 1488464600.970129285 0.002683534
POSE 1513 1488464600.979862368 0.003472971
POSE 1514 1488464600.990142705 0.002668293
POSE 1515 1488464601.000175071 0.004754325
POSE 1516 1488464601.010616916 0.002188111
POSE 1517 1488464601.020047868 0.003283229
POSE 1518 1488464601.030145172 0.004790649
POSE 1519 1488464601.040037489 0.002793727
POSE 1520 1488464601.050015870 0.002803812
POSE 1521 1488464601.059992849 0.003403311
POSE 1522 1488464601.070034014 0.002822507
POSE 1523 1488464601.080027747 0.002777439
POSE 1524 1488464601.089956429 0.002871724
POSE 1525 1488464601.099892087 0.007256382
POSE 1526 1488464601.109871304 0.002938493
POSE 1527 1488464601.119796046 0.003067295
POSE 1528 1488464601.129820762 0.003014378
POSE 1529 1488464601.139784359 0.003494277
POSE 1530 1488464601.149777864 0.005171154
POSE 1531 1488464601.159708473 0.003100001
POSE 1532 1488464601.169763647 0.003092123
POSE 1533 1488464601.179760613 0.003504461
POSE 1534 1488464601.189899147 0.002907039
POSE 1535 1488464601.199997598 0.002808068
POSE 1536 1488464601.210050111 0.005931174
POSE 1537 1488464601.220142392 0.003364670
POSE 1538 1488464601.229994392 0.002819165
POSE 1539 1488464601.239946080 0.002848004
POSE 1540 1488464601.250096599 0.004644473
POSE 1541 1488464601.259926272 0.003528950
POSE 1542 1488464601.269951748 0.002855732
POSE 1543 1488464601.279947774 0.002855875
POSE 1544 1488464601.290045028 0.002774661
POSE 1545 1488464601.299991767 0.003456558
POSE 1546 1488464601.309992406 0.002831877
POSE 1547 1488464601.319983850 0.002836935
POSE 1548 1488464601.329934406 0.002849858
POSE 1549 1488464601.339911019 0.006491576
POSE 1550 1488464601.349910296 0.002881573
POSE 1551 1488464601.359888005 0.002930097
POSE 1552 1488464601.369920950 0.005035896
POSE 1553 1488464601.379750246 0.003676095
POSE 1554 1488464601.389753840 0.003038858
POSE 1555 1488464601.399742608 0.003063752
POSE 1556 1488464601.409758080 0.003051221
POSE 1557 1488464601.419739973 0.005394001
POSE 1558 1488464601.429756201 0.003074835
POSE 1559 1488464601.439726706 0.003058740
POSE 1560 1488464601.450050682 0.002732201
POSE 1561 1488464601.459803487 0.003648227
POSE 1562 1488464601.470233210 0.005714896
POSE 1563 1488464601.480293651 0.002543244
POSE 1564 1488464601.490288328 0.002525706
POSE 1565 1488464601.500205742 0.003190943
POSE 1566 1488464601.510225075 0.002560885
POSE 1567 1488464601.520144855 0.005851488
POSE 1568 1488464601.529707895 0.003126641
POSE 1569 1488464601.539959417 0.003280065
POSE 1570 1488464601.549743196 0.003039900
POSE 1571 1488464601.559739255 0.003072425
POSE 1572 1488464601.569733209 0.003049361
POSE 1573 1488464601.579701028 0.003528557
POSE 1574 1488464601.589713405 0.003088948
POSE 1575 1488464601.599681603 0.003124385
POSE 1576 1488464601.609703251 0.003099831
POSE 1577 1488464601.619697817 0.005356959
POSE 1578 1488464601.629698782 0.003112432
POSE 1579 1488464601.640154668 0.002658523
POSE 1580 1488464601.650126070 0.002695380
POSE 1581 1488464601.660250564 0.003076741
POSE 1582 1488464601.670061583 0.004703468
POSE 1583 1488464601.680047979 0.002754556
POSE 1584 1488464601.690059259 0.002773319
POSE 1585 1488464601.700020085 0.005066385
POSE 1586 1488464601.710016058 0.002788120
POSE 1587 1488464601.719947344 0.002889501
POSE 1588 1488464601.730115768 0.002662087
POSE 1589 1488464601.739952199 0.003538066
POSE 1590 1488464601.749958913 0.002839045
POSE 1591 1488464601.760116346 0.002672223
POSE 1592 1488464601.769970945 0.002867653
POSE 1593 1488464601.779813044 0.003579568
POSE 1594 1488464601.789869326 0.002970390
POSE 1595 1488464601.799962038 0.002863992
POSE 1596 1488464601.810061909 0.002763876
POSE 1597 1488464601.819777120 0.003553940
POSE 1598 1488464601.829756699 0.003061360
POSE 1599 1488464601.839755199 0.003079085
POSE 1600 1488464601.849764285 0.003040920
POSE 1601 1488464601.859759831 0.003928053
POSE 1602 1488464601.869754721 0.003073338
POSE 1603 1488464601.879754783 0.003059588
POSE 1604 1488464601.889739391 0.003056633
POSE 1605 1488464601.900212936 0.003088574
POSE 1606 1488464601.910259002 0.002533804
POSE 1607 1488464601.919742227 0.003101064
POSE 1608 1488464601.930284024 0.002575142
POSE 1609 1488464601.939800785 0.004033516
POSE 1610 1488464601.949762357 0.003071313
POSE 1611 1488464601.959755241 0.003087302
POSE 1612 1488464601.969691607 0.003190515
POSE 1613 1488464601.979684536 0.003885523
POSE 1614 1488464601.990225204 0.002561767
POSE 1615 1488464602.000152068 0.002639280
POSE 1616 1488464602.010133289 0.004947156
POSE 1617 1488464602.020226781 0.003089711
POSE 1618 1488464602.029708751 0.003116983
POSE 1619 1488464602.039784696 0.003046358
POSE 1620 1488464602.049913780 0.005032264
POSE 1621 1488464602.059769349 0.003840761
POSE 1622 1488464602.069961538 0.002859900
POSE 1623 1488464602.079793367 0.003018539
POSE 1624 1488464602.089808747 0.003018232
POSE 1625 1488464602.099730735 0.006940110
POSE 1626 1488464602.109751591 0.003063856
POSE 1627 1488464602.119745817 0.003117136
POSE 1628 1488464602.129750322 0.003026022
POSE 1629 1488464602.140202380 0.003029441
POSE 1630 1488464602.150235427 0.004799924
POSE 1631 1488464602.160157181 0.002648097
POSE 1632 1488464602.170124932 0.002697119
POSE 1633 1488464602.180060466 0.003299858
POSE 1634 1488464602.190206261 0.002616472
POSE 1635 1488464602.199667524 0.003158810
POSE 1636 1488464602.209903963 0.002909895
POSE 1637 1488464602.219903545 0.003415770
POSE 1638 1488464602.229833315 0.005117449
POSE 1639 1488464602.239823660 0.002984406
POSE 1640 1488464602.249724031 0.003104723
POSE 1641 1488464602.259750437 0.003487578
POSE 1642 1488464602.269764507 0.003096167
POSE 1643 1488464602.279708121 0.003133009
POSE 1644 1488464602.289715330 0.006397439
POSE 1645 1488464602.300013333 0.003359477
POSE 1646 1488464602.309932033 0.002850982
POSE 1647 1488464602.319925902 0.002896038
POSE 1648 1488464602.329958043 0.002867192
POSE 1649 1488464602.339950628 0.003411653
POSE 1650 1488464602.350034841 0.002812411
POSE 1651 1488464602.359963982 0.002853165
POSE 1652 1488464602.369946726 0.002822727
POSE 1653 1488464602.380119025 0.005227346
POSE 1654 1488464602.389917334 0.002876199
POSE 1655 1488464602.400154082 0.002653164
POSE 1656 1488464602.410241670 0.002569205
POSE 1657 1488464602.420014217 0.003244601
POSE 1658 1488464602.430000258 0.002803573
POSE 1659 1488464602.439918644 0.005062917
POSE 1660 1488464602.449764592 0.003061582
POSE 1661 1488464602.460226857 0.003559316
POSE 1662 1488464602.470291448 0.002522038
POSE 1663 1488464602.480222461 0.002572763
POSE 1664 1488464602.490167031 0.007607749
POSE 1665 1488464602.500484357 0.003219707
POSE 1666 1488464602.510087601 0.002702080
POSE 1667 1488464602.520039008 0.002745794
POSE 1668 1488464602.530019416 0.002796772
POSE 1669 1488464602.539953553 0.007237643
POSE 1670 1488464602.550277972 0.002585968
POSE 1671 1488464602.559926335 0.002877653
POSE 1672 1488464602.569965017 0.002847394
POSE 1673 1488464602.580086780 0.003722789
POSE 1674 1488464602.590240165 0.004919427
POSE 1675 1488464602.599913172 0.002917813
POSE 1676 1488464602.609905277 0.002908479
POSE 1677 1488464602.619735250 0.003681801
POSE 1678 1488464602.629782656 0.003009361
POSE 1679 1488464602.639742864 0.007248916
POSE 1680 1488464602.649741901 0.003109211
POSE 1681 1488464602.659762730 0.004031006
POSE 1682 1488464602.669760722 0.003064303
POSE 1683 1488464602.679748841 0.003079706
POSE 1684 1488464602.689749647 0.003042470
POSE 1685 1488464602.699742106 0.004328641
POSE 1686 1488464602.709736623 0.003060440
POSE 1687 1488464602.719710556 0.003108210
POSE 1688 1488464602.729710544 0.003159421
POSE 1689 1488464602.739753935 0.004015488
POSE 1690 1488464602.749805213 0.003066910
POSE 1691 1488464602.759739002 0.003104327
POSE 1692 1488464602.769727508 0.003147288
POSE 1693 1488464602.779793829 0.004014876
POSE 1694 1488464602.789798755 0.002964647
POSE 1695 1488464602.799766735 0.003050858
POSE 1696 1488464602.809975213 0.002833682
POSE 1697 1488464602.819776146 0.003543365
POSE 1698 1488464602.829766299 0.003015511
POSE 1699 1488464602.839778129 0.003062246
POSE 1700 1488464602.849724098 0.003113162
POSE 1701 1488464602.859783347 0.003516562
POSE 1702 1488464602.869800675 0.002986327
POSE 1703 1488464602.879738879 0.003070415
POSE 1704 1488464602.889751782 0.003049609
POSE 1705 1488464602.899691385 0.003607517
POSE 1706 1488464602.909718827 0.003079636
POSE 1707 1488464602.919740474 0.003117735
POSE 1708 1488464602.929749964 0.003013772
POSE 1709 1488464602.939747283 0.006593875
POSE 1710 1488464602.949722667 0.003112646
POSE 1711 1488464602.959757639 0.003049793
POSE 1712 1488464602.969718706 0.003033627
POSE 1713 1488464602.979683617 0.003613845
POSE 1714 1488464602.989685193 0.003143316
POSE 1715 1488464602.999704047 0.003081771
POSE 1716 1488464603.009708866 0.003154614
POSE 1717 1488464603.019690814 0.005870247
POSE 1718 1488464603.029665247 0.003174388
POSE 1719 1488464603.040142304 0.002642205
POSE 1720 1488464603.050184873 0.002623892
POSE 1721 1488464603.060163229 0.003115637
POSE 1722 1488464603.070217941 0.002610960
POSE 1723 1488464603.080118212 0.002664459
POSE 1724 1488464603.090097420 0.002726424
POSE 1725 1488464603.100027154 0.005503507
POSE 1726 1488464603.110008471 0.002808378
POSE 1727 1488464603.120152805 0.002657382
POSE 1728 1488464603.130151925 0.004798446
POSE 1729 1488464603.140002589 0.003326644
POSE 1730 1488464603.149714902 0.003090463
POSE 1731 1488464603.159753880 0.003031013
POSE 1732 1488464603.169752562 0.003072728
POSE 1733 1488464603.179750803 0.003504317
POSE 1734 1488464603.189733372 0.003037139
POSE 1735 1488464603.199715321 0.003083250
POSE 1736 1488464603.209734904 0.003095730
POSE 1737 1488464603.219744441 0.005630488
POSE 1738 1488464603.229753208 0.003048426
POSE 1739 1488464603.239750895 0.003070280
POSE 1740 1488464603.249726975 0.006372252
POSE 1741 1488464603.259743390 0.003510998
POSE 1742 1488464603.270131241 0.002684773
POSE 1743 1488464603.280065477 0.002722821
POSE 1744 1488464603.290125435 0.002698280
POSE 1745 1488464603.300014216 0.003306910
POSE 1746 1488464603.309741792 0.003048989
POSE 1747 1488464603.319712673 0.006712443
POSE 1748 1488464603.329751236 0.003062740
POSE 1749 1488464603.339705971 0.003533829
POSE 1750 1488464603.349725811 0.003090261
POSE 1751 1488464603.359745274 0.003078476
POSE 1752 1488464603.370038776 0.006405444
POSE 1753 1488464603.380035149 0.003245244
POSE 1754 1488464603.390202047 0.002592417
POSE 1755 1488464603.400104391 0.006743003
POSE 1756 1488464603.410061856 0.002756561
POSE 1757 1488464603.419769600 0.004007394
POSE 1758 1488464603.429788246 0.003006411
POSE 1759 1488464603.439786797 0.003050742
POSE 1760 1488464603.449753357 0.006563433
POSE 1761 1488464603.459720445 0.003905778
POSE 1762 1488464603.469766827 0.003059066
POSE 1763 1488464603.479718593 0.003104086
POSE 1764 1488464603.489727941 0.003084176
POSE 1765 1488464603.499728921 0.006487059
POSE 1766 1488464603.509755636 0.003055436
POSE 1767 1488464603.519750706 0.003036384
POSE 1768 1488464603.529741388 0.003074703
POSE 1769 1488464603.539719786 0.003549004
POSE 1770 1488464603.549696095 0.005944639
POSE 1771 1488464603.559910095 0.002911535
POSE 1772 1488464603.569882103 0.002967732
POSE 1773 1488464603.579895223 0.005787056
POSE 1774 1488464603.589668623 0.003115391
POSE 1775 1488464603.599904712 0.002881848
POSE 1776 1488464603.609929458 0.002895591
POSE 1777 1488464603.619682210 0.003633088
POSE 1778 1488464603.629915312 0.002890299
POSE 1779 1488464603.639872452 0.002932525
POSE 1780 1488464603.649922328 0.002848017
POSE 1781 1488464603.659699935 0.003833387
POSE 1782 1488464603.669917294 0.005776980
POSE 1783 1488464603.679912820 0.002905595
POSE 1784 1488464603.689923543 0.002889634
POSE 1785 1488464603.699677530 0.003809755
POSE 1786 1488464603.709920741 0.002892312
POSE 1787 1488464603.719866239 0.005155464
POSE 1788 1488464603.729699491 0.003083527
POSE 1789 1488464603.739701320 0.003689995
POSE 1790 1488464603.749696152 0.003108377
POSE 1791 1488464603.759717596 0.003100470
POSE 1792 1488464603.769713197 0.003091704
POSE 1793 1488464603.779732436 0.003624441
POSE 1794 1488464603.789682742 0.006392568
POSE 1795 1488464603.799693264 0.003131044
POSE 1796 1488464603.809707332 0.003137852
POSE 1797 1488464603.819709491 0.003695375
POSE 1798 1488464603.829693692 0.003137156
POSE 1799 1488464603.839703527 0.003107133
POSE 1800 1488464603.849697296 0.003114539
POSE 1801 1488464603.859694184 0.003738523
POSE 1802 1488464603.869696437 0.003112572
POSE 1803 1488464603.879697803 0.003113368
POSE 1804 1488464603.889713073 0.003053724
POSE 1805 1488464603.899689676 0.003719524
POSE 1806 1488464603.909749362 0.003027446
POSE 1807 1488464603.919955754 0.002872253
POSE 1808 1488464603.929764716 0.003053309
POSE 1809 1488464603.939741975 0.003591255
POSE 1810 1488464603.949736509 0.003046768
POSE 1811 1488464603.959735089 0.003075154
POSE 1812 1488464603.969700573 0.003097952
POSE 1813 1488464603.979749920 0.003387807
POSE 1814 1488464603.989700171 0.005034593
POSE 1815 1488464603.999704413 0.003117155
POSE 1816 1488464604.009703934 0.003124746
POSE 1817 1488464604.019727528 0.003559913
POSE 1818 1488464604.029740458 0.003107614
POSE 1819 1488464604.039762197 0.005233340
POSE 1820 1488464604.049710453 0.003110577
POSE 1821 1488464604.059742833 0.003571824
POSE 1822 1488464604.069752348 0.003077195
POSE 1823 1488464604.079779860 0.003033130
POSE 1824 1488464604.090003864 0.002742611
POSE 1825 1488464604.099722814 0.003507863
POSE 1826 1488464604.110058489 0.002758548
POSE 1827 1488464604.119742519 0.003065088
POSE 1828 1488464604.129769678 0.003034619
POSE 1829 1488464604.139721548 0.003658134
POSE 1830 1488464604.149724043 0.003059774
POSE 1831 1488464604.159750602 0.003065866
POSE 1832 1488464604.169717605 0.005307976
POSE 1833 1488464604.179662626 0.003744811
POSE 1834 1488464604.189668674 0.003168569
POSE 1835 1488464604.199698682 0.003124412
POSE 1836 1488464604.209743209 0.003061506
POSE 1837 1488464604.219729622 0.005700362
POSE 1838 1488464604.229735189 0.003086860
POSE 1839 1488464604.239744083 0.003082135
POSE 1840 1488464604.249743412 0.003086699
POSE 1841 1488464604.259991296 0.003309050
POSE 1842 1488464604.269920420 0.005083842
POSE 1843 1488464604.279862414 0.002933253
POSE 1844 1488464604.289738626 0.003072445
POSE 1845 1488464604.299723057 0.003573820
POSE 1846 1488464604.309698007 0.003085906
POSE 1847 1488464604.319762103 0.003022886
POSE 1848 1488464604.329799511 0.002994928
POSE 1849 1488464604.340009592 0.005580063
POSE 1850 1488464604.349819676 0.002989123
POSE 1851 1488464604.360081704 0.002711553
POSE 1852 1488464604.369819551 0.002968355
POSE 1853 1488464604.379694515 0.003598905
POSE 1854 1488464604.389725157 0.003105134
POSE 1855 1488464604.399714024 0.003131216
POSE 1856 1488464604.409752978 0.003055202
POSE 1857 1488464604.419756588 0.003843220
POSE 1858 1488464604.429725344 0.003099445
POSE 1859 1488464604.439729160 0.005292697
POSE 1860 1488464604.449726569 0.003110367
POSE 1861 1488464604.459755584 0.003802606
POSE 1862 1488464604.469737098 0.003095836
POSE 1863 1488464604.479753705 0.003068460
POSE 1864 1488464604.489737100 0.005203901
POSE 1865 1488464604.499746760 0.003671153
POSE 1866 1488464604.509771678 0.003024378
POSE 1867 1488464604.519759190 0.003064271
POSE 1868 1488464604.530070162 0.002691530
POSE 1869 1488464604.540033539 0.007507620
POSE 1870 1488464604.550007173 0.002841795
POSE 1871 1488464604.559950750 0.002857021
POSE 1872 1488464604.569763938 0.003072468
POSE 1873 1488464604.579924045 0.003337132
POSE 1874 1488464604.589966876 0.006977476
POSE 1875 1488464604.600030769 0.002776658
POSE 1876 1488464604.610409733 0.002425217
POSE 1877 1488464604.620299627 0.003014735
POSE 1878 1488464604.629926724 0.004865261
POSE 1879 1488464604.639885608 0.002915629
POSE 1880 1488464604.649931151 0.002882742
POSE 1881 1488464604.660141070 0.003150263
POSE 1882 1488464604.670133095 0.002647908
POSE 1883 1488464604.679715236 0.003032065
POSE 1884 1488464604.689816810 0.003002946
POSE 1885 1488464604.699761329 0.003590347
POSE 1886 1488464604.709837023 0.003003579
POSE 1887 1488464604.719835163 0.003017207
POSE 1888 1488464604.729807327 0.003035814
POSE 1889 1488464604.740010351 0.003281748
POSE 1890 1488464604.749763098 0.003026894
POSE 1891 1488464604.759865723 0.002979099
POSE 1892 1488464604.769869028 0.005213156
POSE 1893 1488464604.779813956 0.003515446
POSE 1894 1488464604.789750565 0.003042398
POSE 1895 1488464604.799765840 0.003017851
POSE 1896 1488464604.809753145 0.003067790
POSE 1897 1488464604.819719540 0.005973664
POSE 1898 1488464604.829760034 0.003043626
POSE 1899 1488464604.839893087 0.002901074
POSE 1900 1488464604.849744896 0.003067941
POSE 1901 1488464604.859735882 0.003611041
POSE 1902 1488464604.869747126 0.003065041
POSE 1903 1488464604.879812480 0.003013146
POSE 1904 1488464604.889750340 0.005264518
POSE 1905 1488464604.899773575 0.003472459
POSE 1906 1488464604.909737481 0.003070069
POSE 1907 1488464604.919742490 0.003041434
POSE 1908 1488464604.929746909 0.005167926
POSE 1909 1488464604.939953566 0.003289001
POSE 1910 1488464604.950102512 0.002685105
POSE 1911 1488464604.959703148 0.003104716
POSE 1912 1488464604.969677487 0.003152845
POSE 1913 1488464604.979682736 0.008025121
POSE 1914 1488464604.989700965 0.003135784
POSE 1915 1488464604.999683242 0.006189765
POSE 1916 1488464605.009684958 0.003156058
POSE 1917 1488464605.019699964 0.003840147
POSE 1918 1488464605.029663873 0.003148553
POSE 1919 1488464605.039833197 0.002928291
POSE 1920 1488464605.049822659 0.006111776
POSE 1921 1488464605.059807749 0.003469631
POSE 1922 1488464605.069836905 0.002947054
POSE 1923 1488464605.079847809 0.002953529
POSE 1924 1488464605.089806009 0.002988110
POSE 1925 1488464605.099793062 0.003443391
POSE 1926 1488464605.109770494 0.003065593
POSE 1927 1488464605.119671929 0.003127938
POSE 1928 1488464605.129939230 0.002884581
POSE 1929 1488464605.139759611 0.003519040
POSE 1930 1488464605.149757061 0.003045663
POSE 1931 1488464605.159702171 0.003125984
POSE 1932 1488464605.169759474 0.003026337
POSE 1933 1488464605.179734339 0.003519350
POSE 1934 1488464605.189744686 0.004992971
POSE 1935 1488464605.199953561 0.002805777
POSE 1936 1488464605.209952646 0.002831552
POSE 1937 1488464605.219943224 0.003353925
POSE 1938 1488464605.229911749 0.002892179
POSE 1939 1488464605.239974718 0.002842666
POSE 1940 1488464605.249739807 0.003085772
POSE 1941 1488464605.259730776 0.003899765
POSE 1942 1488464605.269978680 0.002855334
POSE 1943 1488464605.279931330 0.002871631
POSE 1944 1488464605.289981883 0.002840877
POSE 1945 1488464605.299714031 0.005639617
POSE 1946 1488464605.309717466 0.003083854
POSE 1947 1488464605.319725251 0.003071143
POSE 1948 1488464605.329749559 0.003056296
POSE 1949 1488464605.339752203 0.003529737
POSE 1950 1488464605.349724794 0.003058949
POSE 1951 1488464605.359774369 0.003059451
POSE 1952 1488464605.369742029 0.003105474
POSE 1953 1488464605.379999178 0.003460766
POSE 1954 1488464605.389972797 0.002845321
POSE 1955 1488464605.399935427 0.005271369
POSE 1956 1488464605.409966448 0.002852815
POSE 1957 1488464605.419763897 0.003558818
POSE 1958 1488464605.429984439 0.002849139
POSE 1959 1488464605.439716355 0.003094189
POSE 1960 1488464605.449720789 0.005122674
POSE 1961 1488464605.459766659 0.003517418
POSE 1962 1488464605.469724916 0.003079995
POSE 1963 1488464605.479774404 0.003031112
POSE 1964 1488464605.489755363 0.005516130
POSE 1965 1488464605.499690951 0.003634787
POSE 1966 1488464605.509704359 0.003101400
POSE 1967 1488464605.519762928 0.003051933
POSE 1968 1488464605.529856349 0.002974358
POSE 1969 1488464605.539813675 0.003527857
POSE 1970 1488464605.549788578 0.003000231
POSE 1971 1488464605.559716597 0.003065934
POSE 1972 1488464605.569764482 0.003064877
POSE 1973 1488464605.579715534 0.005832508
POSE 1974 1488464605.589724827 0.003078407
POSE 1975 1488464605.599727125 0.003087440
POSE 1976 1488464605.609748640 0.003080756
POSE 1977 1488464605.619781991 0.005675835
POSE 1978 1488464605.629716831 0.003087107
POSE 1979 1488464605.639752066 0.003057127
POSE 1980 1488464605.649748109 0.003083962
POSE 1981 1488464605.659755561 0.003556400
POSE 1982 1488464605.669754686 0.005173593
POSE 1983 1488464605.680013362 0.002765816
POSE 1984 1488464605.689705481 0.003094697
POSE 1985 1488464605.699792182 0.003956903
POSE 1986 1488464605.709723121 0.003087569
POSE 1987 1488464605.719736689 0.005296424
POSE 1988 1488464605.729775587 0.003044925
POSE 1989 1488464605.739753214 0.003653852
POSE 1990 1488464605.749742273 0.003069370
POSE 1991 1488464605.759757374 0.003030470
POSE 1992 1488464605.769745285 0.005258419
POSE 1993 1488464605.779704012 0.003727505
POSE 1994 1488464605.789715577 0.003076697
POSE 1995 1488464605.799736423 0.003047924
POSE 1996 1488464605.809699803 0.003096110
POSE 1997 1488464605.819697809 0.003649264
POSE 1998 1488464605.829724560 0.003078992
POSE 1999 1488464605.839737302 0.003066797
POSE 2000 1488464605.849716885 0.003106186
POSE 2001 1488464605.859708812 0.003615394
POSE 2002 1488464605.869706094 0.003088714
POSE 2003 1488464605.880116384 0.002686431
POSE 2004 1488464605.889695946 0.003108321
POSE 2005 1488464605.899709084 0.003557412
POSE 2006 1488464605.909753982 0.003032244
POSE 2007 1488464605.919764390 0.003102687
POSE 2008 1488464605.929971127 0.002824957
POSE 2009 1488464605.939740975 0.003854843
POSE 2010 1488464605.949743224 0.003060268
POSE 2011 1488464605.959749214 0.003065955
POSE 2012 1488464605.969730324 0.003049378
POSE 2013 1488464605.979715160 0.003486030
POSE 2014 1488464605.989695462 0.003092599
POSE 2015 1488464605.999714268 0.003113753
POSE 2016 1488464606.009969879 0.002877977
POSE 2017 1488464606.019757062 0.004128236
POSE 2018 1488464606.029801550 0.003047499
POSE 2019 1488464606.039726942 0.003060511
POSE 2020 1488464606.049720586 0.003091853
POSE 2021 1488464606.059694540 0.007767011
POSE 2022 1488464606.069696945 0.003150469
POSE 2023 1488464606.079927490 0.002906991
POSE 2024 1488464606.089693824 0.003131334
POSE 2025 1488464606.099788874 0.007239534
POSE 2026 1488464606.109704046 0.003143205
POSE 2027 1488464606.119703559 0.003111372
POSE 2028 1488464606.129719668 0.003084505
POSE 2029 1488464606.139696138 0.005371076
POSE 2030 1488464606.149672944 0.003169035
POSE 2031 1488464606.159698242 0.003107478
POSE 2032 1488464606.170042260 0.004610944
POSE 2033 1488464606.179693028 0.003558368
POSE 2034 1488464606.189981334 0.002857942
POSE 2035 1488464606.200030318 0.002798259
POSE 2036 1488464606.209717338 0.003123539
POSE 2037 1488464606.219699287 0.005443130
POSE 2038 1488464606.229726765 0.003057067
POSE 2039 1488464606.239703458 0.003111864
POSE 2040 1488464606.249684510 0.003121267
POSE 2041 1488464606.259702442 0.003583585
POSE 2042 1488464606.269695227 0.004978519
POSE 2043 1488464606.279678730 0.003168735
POSE 2044 1488464606.289680905 0.003141404
POSE 2045 1488464606.300192232 0.003070544
POSE 2046 1488464606.310327835 0.004990597
POSE 2047 1488464606.320166895 0.002680127
POSE 2048 1488464606.330160830 0.002658660
POSE 2049 1488464606.340074457 0.003186936
POSE 2050 1488464606.349684506 0.003126148
POSE 2051 1488464606.359963520 0.005242381
POSE 2052 1488464606.369714452 0.003150877
POSE 2053 1488464606.379696074 0.003827877
POSE 2054 1488464606.389692101 0.003128288
POSE 2055 1488464606.399684378 0.006063524
POSE 2056 1488464606.409688395 0.003100611
POSE 2057 1488464606.419753727 0.003833255
POSE 2058 1488464606.429690706 0.003152085
POSE 2059 1488464606.439692991 0.003119690
POSE 2060 1488464606.449688496 0.003064656
POSE 2061 1488464606.459796279 0.003533824
POSE 2062 1488464606.469766236 0.003051058
POSE 2063 1488464606.479812548 0.002995946
POSE 2064 1488464606.489779279 0.003022813
POSE 2065 1488464606.499799898 0.003967147
POSE 2066 1488464606.509822317 0.005812348
POSE 2067 1488464606.519792566 0.003042661
POSE 2068 1488464606.529746640 0.003071857
POSE 2069 1488464606.539748977 0.003752302
POSE 2070 1488464606.549850343 0.002984213
POSE 2071 1488464606.559905645 0.002928744
POSE 2072 1488464606.569811368 0.003032625
POSE 2073 1488464606.579935336 0.003584262
POSE 2074 1488464606.589835034 0.002994996
POSE 2075 1488464606.599805082 0.002984077
POSE 2076 1488464606.609766961 0.003031371
POSE 2077 1488464606.619772690 0.003634350
POSE 2078 1488464606.629833166 0.002981646
POSE 2079 1488464606.639818396 0.003051671
POSE 2080 1488464606.650127271 0.002702490
POSE 2081 1488464606.659791384 0.006545002
POSE 2082 1488464606.669780411 0.003043140
POSE 2083 1488464606.679789278 0.003015071
POSE 2084 1488464606.689810995 0.003036441
POSE 2085 1488464606.699764867 0.004240765
POSE 2086 1488464606.709811190 0.002982271
POSE 2087 1488464606.719757603 0.003072559
POSE 2088 1488464606.729754208 0.003061480
POSE 2089 1488464606.739726476 0.003543398
POSE 2090 1488464606.749727898 0.003105982
POSE 2091 1488464606.759747129 0.003037341
POSE 2092 1488464606.769715881 0.003063990
POSE 2093 1488464606.779738814 0.003567426
POSE 2094 1488464606.789722501 0.003142324
POSE 2095 1488464606.799726270 0.003192923
POSE 2096 1488464606.809694494 0.003119030
POSE 2097 1488464606.819730196 0.003579238
POSE 2098 1488464606.829720100 0.003069793
POSE 2099 1488464606.839685780 0.006905723
POSE 2100 1488464606.849664650 0.003158187
POSE 2101 1488464606.859705140 0.003600857
POSE 2102 1488464606.869685752 0.003109013
POSE 2103 1488464606.879698347 0.003112886
POSE 2104 1488464606.889670917 0.005399844
POSE 2105 1488464606.899698491 0.003606868
POSE 2106 1488464606.909694420 0.003098249
POSE 2107 1488464606.919679855 0.003094920
POSE 2108 1488464606.929704752 0.003067005
POSE 2109 1488464606.939658357 0.006719159
POSE 2110 1488464606.949713317 0.003114213
POSE 2111 1488464606.959714189 0.003086040
POSE 2112 1488464606.969731361 0.003102002
POSE 2113 1488464606.979737529 0.003589831
POSE 2114 1488464606.989717966 0.005275367
POSE 2115 1488464606.999716233 0.003154238
POSE 2116 1488464607.009786874 0.003049380
POSE 2117 1488464607.019744107 0.003566687
POSE 2118 1488464607.029708266 0.003093444
POSE 2119 1488464607.039742350 0.005397236
POSE 2120 1488464607.049715055 0.003102592
POSE 2121 1488464607.059765681 0.003531118
POSE 2122 1488464607.069736081 0.003067533
POSE 2123 1488464607.079738074 0.003069800
POSE 2124 1488464607.089743024 0.004967654
POSE 2125 1488464607.099723601 0.003572326
POSE 2126 1488464607.109762000 0.003030034
POSE 2127 1488464607.119765616 0.003043723
POSE 2128 1488464607.129733507 0.003072105
POSE 2129 1488464607.139709799 0.005409714
POSE 2130 1488464607.149715828 0.003101628
POSE 2131 1488464607.159736760 0.003046735
POSE 2132 1488464607.169750641 0.003033525
POSE 2133 1488464607.179757493 0.003559581
POSE 2134 1488464607.190050489 0.002764743
POSE 2135 1488464607.200116081 0.002701302
POSE 2136 1488464607.210043173 0.002761754
POSE 2137 1488464607.220207104 0.003112549
POSE 2138 1488464607.230008148 0.002797455
POSE 2139 1488464607.239992782 0.004894666
POSE 2140 1488464607.249983723 0.002823602
POSE 2141 1488464607.259708734 0.003579411
POSE 2142 1488464607.269726121 0.003102626
POSE 2143 1488464607.279742086 0.003062275
POSE 2144 1488464607.289715514 0.005241720
POSE 2145 1488464607.299737533 0.003665686
POSE 2146 1488464607.309732091 0.003081021
POSE 2147 1488464607.319716140 0.003134183
POSE 2148 1488464607.329733395 0.003107244
POSE 2149 1488464607.339768830 0.006935332
POSE 2150 1488464607.349723584 0.003090757
POSE 2151 1488464607.359863490 0.002985131
POSE 2152 1488464607.369872776 0.002972505
POSE 2153 1488464607.379718708 0.003704752
POSE 2154 1488464607.389720513 0.005882778
POSE 2155 1488464607.399721789 0.003144392
POSE 2156 1488464607.409731304 0.003077160
POSE 2157 1488464607.419930336 0.003511459
POSE 2158 1488464607.429747822 0.003060760
POSE 2159 1488464607.439726282 0.005353425
POSE 2160 1488464607.449726251 0.003117390
POSE 2161 1488464607.460057561 0.003458674
POSE 2162 1488464607.469738743 0.003080702
POSE 2163 1488464607.479767898 0.003035430
POSE 2164 1488464607.489744772 0.005332896
POSE 2165 1488464607.499736157 0.003603491
POSE 2166 1488464607.509716717 0.003105545
POSE 2167 1488464607.519726099 0.003081521
POSE 2168 1488464607.529742419 0.003084273
POSE 2169 1488464607.539978623 0.005181410
POSE 2170 1488464607.550014352 0.002786980
POSE 2171 1488464607.559957598 0.002827285
POSE 2172 1488464607.569931974 0.004831489
POSE 2173 1488464607.579713343 0.003780444
POSE 2174 1488464607.590197783 0.002609807
POSE 2175 1488464607.600085442 0.002723793
POSE 2176 1488464607.610237440 0.004549221
POSE 2177 1488464607.620126907 0.003168505
POSE 2178 1488464607.629708545 0.003085303
POSE 2179 1488464607.639842588 0.002961055
POSE 2180 1488464607.649895918 0.002926074
POSE 2181 1488464607.659794127 0.005650356
POSE 2182 1488464607.669813452 0.003022578
POSE 2183 1488464607.679720678 0.003086964
POSE 2184 1488464607.689941806 0.005096258
POSE 2185 1488464607.699729825 0.003642017
POSE 2186 1488464607.709693577 0.003119264
POSE 2187 1488464607.719712804 0.003117636
POSE 2188 1488464607.729678249 0.003124527
POSE 2189 1488464607.739707318 0.003654205
POSE 2190 1488464607.749836934 0.002974962
POSE 2191 1488464607.760190602 0.002614167
POSE 2192 1488464607.769756478 0.003054049
POSE 2193 1488464607.779762105 0.003634126
POSE 2194 1488464607.789785371 0.002991635
POSE 2195 1488464607.799739391 0.003043664
POSE 2196 1488464607.809739351 0.003045155
POSE 2197 1488464607.819829913 0.003547858
POSE 2198 1488464607.829683011 0.003123671
POSE 2199 1488464607.839660934 0.003139552
POSE 2200 1488464607.849669366 0.003124686
POSE 2201 1488464607.859693651 0.003650888
POSE 2202 1488464607.869660853 0.003132262
POSE 2203 1488464607.879702154 0.003091918
POSE 2204 1488464607.889675762 0.003131696
POSE 2205 1488464607.899682169 0.003789020
POSE 2206 1488464607.909694648 0.003119529
POSE 2207 1488464607.919773193 0.003018936
POSE 2208 1488464607.929969054 0.002795951
POSE 2209 1488464607.939780602 0.003440307
POSE 2210 1488464607.949725853 0.003058306
POSE 2211 1488464607.959716058 0.003065379
POSE 2212 1488464607.969928628 0.002858540
POSE 2213 1488464607.979710441 0.003535208
POSE 2214 1488464607.989705661 0.005016595
POSE 2215 1488464607.999754594 0.003053638
POSE 2216 1488464608.009723564 0.003097809
POSE 2217 1488464608.019714933 0.003559037
POSE 2218 1488464608.029995308 0.002827268
POSE 2219 1488464608.039970537 0.004796472
POSE 2220 1488464608.049733191 0.003071599
POSE 2221 1488464608.059746784 0.003501872
POSE 2222 1488464608.069736204 0.003088596
POSE 2223 1488464608.079772704 0.003004204
POSE 2224 1488464608.089740688 0.005217677
POSE 2225 1488464608.099761540 0.003510299
POSE 2226 1488464608.109744543 0.003093061
POSE 2227 1488464608.119761304 0.003053371
POSE 2228 1488464608.129745412 0.003066385
POSE 2229 1488464608.139742056 0.005725892
POSE 2230 1488464608.149738211 0.003073640
POSE 2231 1488464608.159762445 0.003051569
POSE 2232 1488464608.169779351 0.003003126
POSE 2233 1488464608.179764491 0.003538142
POSE 2234 1488464608.189751352 0.005131625
POSE 2235 1488464608.199952346 0.002893773
POSE 2236 1488464608.209999160 0.002803481
POSE 2237 1488464608.219989490 0.003631257
POSE 2238 1488464608.229961151 0.002844761
POSE 2239 1488464608.239645905 0.005425371
POSE 2240 1488464608.249905478 0.002902902
POSE 2241 1488464608.259860986 0.003391049
POSE 2242 1488464608.269895315 0.002962002
POSE 2243 1488464608.279874995 0.002935404
POSE 2244 1488464608.289890653 0.006495428
POSE 2245 1488464608.300072629 0.003533919
POSE 2246 1488464608.309683546 0.003166932
POSE 2247 1488464608.319833729 0.002997702
POSE 2248 1488464608.329723419 0.003122318
POSE 2249 1488464608.339721332 0.006705080
POSE 2250 1488464608.349725336 0.003161337
POSE 2251 1488464608.359741316 0.003077801
POSE 2252 1488464608.369751781 0.003071808
POSE 2253 1488464608.379745601 0.004690315
POSE 2254 1488464608.389766484 0.007907428
POSE 2255 1488464608.399754504 0.003171617
POSE 2256 1488464608.409736253 0.003060118
